=~=~=~=~=~=~=~=~=~=~=~= PuTTY log 2026.04.21 23:39:26 =~=~=~=~=~=~=~=~=~=~=~=
ets Jul 29 2019 12:21:46

rst:0x1 (POWERON_RESET),boot:0x13 (SPI_FAST_FLASH_BOOT)
configsip: 0, SPIWP:0xee
clk_drv:0x00,q_drv:0x00,d_drv:0x00,cs0_drv:0x00,hd_drv:0x00,wp_drv:0x00
mode:DIO, clock div:1
load:0x3fff0030,len:4876
ho 0 tail 12 room 4
load:0x40078000,len:16560
load:0x40080400,len:3500
entry 0x400805b4
Initializing MAX30100 for raw data..FAILED
Check wiring:
VCC -> 3.3V/5V
GND -> GND
SCL -> A5
SDA -> A4
ets Jul 29 2019 12:21:46

rst:0x1 (POWERON_RESET),boot:0x13 (SPI_FAST_FLASH_BOOT)
configsip: 0, SPIWP:0xee
clk_drv:0x00,q_drv:0x00,d_drv:0x00,cs0_drv:0x00,hd_drv:0x00,wp_drv:0x00
mode:DIO, clock div:1
load:0x3fff0030,len:4876
ho 0 tail 12 room 4
load:0x40078000,len:16560
load:0x40080400,len:3500
entry 0x400805b4
Initializing MAX30100 for raw data..FAILED
Check wiring:
VCC -> 3.3V/5V
GND -> GND
SCL -> A5
SDA -> A4
ets Jul 29 2019 12:21:46

rst:0x1 (POWERON_RESET),boot:0x13 (SPI_FAST_FLASH_BOOT)
configsip: 0, SPIWP:0xee
clk_drv:0x00,q_drv:0x00,d_drv:0x00,cs0_drv:0x00,hd_drv:0x00,wp_drv:0x00
mode:DIO, clock div:1
load:0x3fff0030,len:4876
ho 0 tail 12 room 4
load:0x40078000,len:16560
load:0x40080400,len:3500
entry 0x400805b4
Initializing MAX30100 for raw data..SUCCESS
Initializing PulseOximeter..SUCCESS

==========================================
Press 's' to start 2-minute data collection
Minute 1: RAW IR/Red data (0.1s intervals)
Minute 2: Processed BPM/SpO2 data (0.1s intervals)
==========================================

==========================================
=== 2-MINUTE DATA COLLECTION STARTED ===
PHASE 1 (0-600 tenths of seconds): RAW IR/Red data
Format: RAW,Time_0.1s,IR_raw,Red_raw,GSR_V,GSR_raw
------------------------------------------
RAW,0.0,9772,9076,11.975,2450
RAW,0.0,9786,9084,11.979,2451
RAW,0.0,9781,9079,11.882,2431
RAW,0.0,9801,9101,11.891,2433
RAW,0.0,9798,9109,11.843,2423
RAW,0.0,9820,9132,11.808,2416
RAW,0.0,9817,9133,11.950,2445
RAW,0.0,9831,9142,11.950,2445
RAW,0.0,9843,9171,11.955,2446
RAW,0.0,9855,9181,11.916,2438
RAW,0.0,9868,9191,11.852,2425
RAW,0.0,9872,9207,11.989,2453
RAW,0.0,9875,9217,11.975,2450
RAW,0.0,9897,9244,12.019,2459
RAW,0.0,9902,9253,12.072,2470
RAW,0.0,9925,9284,12.111,2478
RAW,0.5,9749,9042,11.911,2437
RAW,0.5,9755,9046,11.965,2448
RAW,0.5,9752,9049,11.989,2453
RAW,0.5,9764,9057,11.970,2449
RAW,0.5,9764,9064,11.911,2437
RAW,0.5,9766,9065,11.994,2454
RAW,0.7,9739,9028,11.896,2434
RAW,0.7,9741,9031,11.935,2442
RAW,0.8,9734,9020,11.833,2421
RAW,0.9,9739,9017,11.818,2418
RAW,1.1,9723,9010,11.813,2417
RAW,1.4,9721,9008,11.808,2416
RAW,1.6,9719,9000,11.931,2441
RAW,1.9,9712,8988,11.911,2437
RAW,2.0,9707,8982,11.877,2430
RAW,2.3,9704,8971,11.764,2407
RAW,2.5,9697,8959,11.779,2410
RAW,2.8,9688,8951,11.887,2432
RAW,3.0,9674,8944,11.877,2430
RAW,3.2,9628,8914,11.833,2421
RAW,3.5,9560,8871,11.808,2416
RAW,3.7,9541,8866,11.764,2407
RAW,4.0,9541,8862,11.735,2401
RAW,4.2,9558,8859,11.891,2433
RAW,4.4,9563,8862,11.857,2426
RAW,4.7,9563,8860,11.882,2431
RAW,4.9,9574,8863,11.745,2403
RAW,5.2,9574,8862,11.750,2404
RAW,5.3,9584,8855,11.769,2408
RAW,5.7,9597,8859,11.569,2367
RAW,5.8,9601,8858,11.891,2433
RAW,6.1,9603,8855,11.872,2429
RAW,6.3,9599,8848,11.745,2403
RAW,6.6,9601,8851,11.745,2403
RAW,6.8,9592,8838,11.813,2417
RAW,7.1,9600,8844,11.882,2431
RAW,7.2,9593,8839,11.877,2430
RAW,7.6,9594,8839,11.745,2403
RAW,7.7,9591,8833,11.764,2407
RAW,7.9,9603,8838,11.779,2410
RAW,8.3,9608,8832,11.887,2432
RAW,8.4,9609,8831,11.818,2418
RAW,8.6,9605,8829,11.911,2437
RAW,8.9,9614,8826,11.735,2401
RAW,9.1,9606,8828,11.745,2403
RAW,9.4,9605,8816,11.891,2433
RAW,9.6,9607,8817,11.843,2423
RAW,9.9,9603,8818,11.838,2422
RAW,10.1,9609,8808,11.725,2399
RAW,10.3,9603,8808,11.725,2399
RAW,10.6,9600,8805,11.706,2395
RAW,10.8,9598,8801,11.818,2418
RAW,11.0,9598,8795,11.843,2423
RAW,11.3,9598,8797,11.701,2394
RAW,11.5,9601,8796,11.764,2407
RAW,11.7,9606,8797,11.711,2396
RAW,12.0,9610,8796,11.862,2427
RAW,12.2,9606,8799,11.823,2419
RAW,12.4,9603,8784,11.852,2425
RAW,12.7,9523,8759,11.657,2385
RAW,12.9,9464,8725,11.725,2399
RAW,13.1,9435,8714,11.681,2390
RAW,13.4,9441,8714,11.833,2421
RAW,13.6,9454,8721,11.823,2419
RAW,13.9,9479,8732,11.720,2398
RAW,14.1,9484,8735,11.686,2391
RAW,14.3,9480,8739,11.667,2387
RAW,14.6,9497,8737,11.813,2417
RAW,14.8,9503,8741,11.808,2416
RAW,15.0,9514,8744,11.872,2429
RAW,15.3,9539,8754,11.652,2384
RAW,15.5,9539,8748,11.662,2386
RAW,15.8,9543,8747,11.808,2416
RAW,16.0,9537,8748,11.960,2447
RAW,16.2,9533,8739,11.823,2419
RAW,16.5,9535,8736,11.676,2389
RAW,16.7,9528,8734,11.662,2386
RAW,17.0,9531,8735,11.852,2425
RAW,17.2,9540,8739,11.813,2417
RAW,17.4,9553,8735,11.808,2416
RAW,17.7,9550,8742,11.701,2394
RAW,17.9,9554,8738,11.569,2367
RAW,18.2,9561,8740,11.818,2418
RAW,18.4,9559,8742,11.808,2416
RAW,18.6,9563,8738,11.804,2415
RAW,18.9,9571,8737,11.628,2379
RAW,19.1,9563,8735,11.681,2390
RAW,19.4,9582,8735,11.808,2416
RAW,19.6,9580,8732,11.755,2405
RAW,19.8,9585,8732,11.862,2427
RAW,20.1,9581,8735,11.676,2389
RAW,20.3,9586,8737,11.667,2387
RAW,20.6,9600,8749,11.852,2425
RAW,20.8,9604,8750,11.808,2416
RAW,21.0,9601,8756,11.774,2409
RAW,21.3,9605,8756,11.637,2381
RAW,21.5,9599,8760,11.632,2380
RAW,21.8,9569,8728,11.804,2415
RAW,22.0,9499,8686,11.804,2415
RAW,22.2,9410,8641,11.808,2416
RAW,22.5,9316,8598,11.896,2434
RAW,22.7,9293,8587,11.584,2370
RAW,23.0,9303,8601,11.745,2403
RAW,23.2,9331,8613,11.784,2411
RAW,23.4,9346,8620,11.804,2415
RAW,23.7,9383,8638,11.574,2368
RAW,23.9,9404,8641,11.544,2362
RAW,24.2,9441,8656,11.808,2416
RAW,24.4,9471,8669,11.799,2414
RAW,24.7,9509,8680,11.598,2373
RAW,24.9,9517,8682,11.574,2368
RAW,25.1,9523,8687,11.623,2378
RAW,25.4,9531,8689,11.760,2406
RAW,25.6,9523,8683,11.789,2412
RAW,25.9,9522,8682,11.584,2370
RAW,26.1,9529,8684,11.618,2377
RAW,26.4,9530,8682,11.740,2402
RAW,26.6,9532,8678,11.784,2411
RAW,26.8,9543,8679,11.755,2405
RAW,27.1,9548,8690,11.647,2383
RAW,27.3,9547,8688,11.647,2383
RAW,27.6,9557,8692,11.760,2406
RAW,27.8,9561,8690,11.828,2420
RAW,28.0,9557,8691,11.779,2410
RAW,28.3,9563,8686,11.598,2373
RAW,28.5,9568,8685,11.632,2380
RAW,28.8,9565,8684,11.804,2415
RAW,29.0,9567,8685,11.823,2419
RAW,29.3,9568,8685,11.647,2383
RAW,29.5,9567,8675,11.652,2384
RAW,29.7,9563,8674,11.642,2382
RAW,30.0,9567,8674,11.833,2421
RAW,30.2,9546,8667,11.808,2416
RAW,30.5,9474,8618,11.642,2382
RAW,30.7,9395,8580,11.652,2384
RAW,31.0,9323,8552,11.833,2421
RAW,31.2,9332,8556,11.828,2420
RAW,31.4,9336,8556,11.808,2416
RAW,31.7,9361,8566,11.623,2378
RAW,31.9,9375,8577,11.647,2383
RAW,32.2,9396,8577,11.921,2439
RAW,32.4,9405,8583,11.808,2416
RAW,32.7,9444,8595,11.652,2384
RAW,32.9,9469,8605,11.628,2379
RAW,33.2,9484,8607,11.804,2415
RAW,33.4,9489,8611,11.828,2420
RAW,33.6,9484,8604,11.813,2417
RAW,33.9,9473,8602,11.662,2386
RAW,34.1,9464,8591,11.652,2384
RAW,34.4,9459,8589,11.808,2416
RAW,34.6,9459,8589,11.808,2416
RAW,34.9,9472,8585,11.637,2381
RAW,35.1,9474,8580,11.652,2384
RAW,35.4,9476,8576,11.818,2418
RAW,35.6,9476,8580,11.808,2416
RAW,35.8,9474,8574,11.799,2414
RAW,36.1,9471,8564,11.603,2374
RAW,36.3,9474,8561,11.623,2378
RAW,36.6,9471,8564,11.804,2415
RAW,36.8,9475,8557,11.804,2415
RAW,37.1,9473,8562,11.574,2368
RAW,37.3,9479,8566,11.598,2373
RAW,37.6,9478,8564,11.804,2415
RAW,37.8,9480,8564,11.843,2423
RAW,38.1,9482,8566,11.579,2369
RAW,38.3,9486,8559,11.637,2381
RAW,38.5,9481,8556,11.623,2378
RAW,38.8,9457,8545,11.813,2417
RAW,39.0,9396,8503,11.799,2414
RAW,39.3,9299,8461,11.603,2374
RAW,39.5,9278,8448,12.209,2498
RAW,39.8,9286,8458,11.808,2416
RAW,40.0,9310,8463,11.852,2425
RAW,40.2,9326,8468,11.804,2415
RAW,40.5,9339,8480,11.584,2370
RAW,40.7,9350,8475,11.618,2377
RAW,41.0,9372,8479,11.808,2416
RAW,41.2,9374,8484,11.808,2416
RAW,41.4,9393,8486,11.818,2418
RAW,41.7,9407,8488,11.579,2369
RAW,41.9,9401,8483,11.574,2368
RAW,42.2,9408,8484,11.760,2406
RAW,42.4,9401,8484,11.804,2415
RAW,42.7,9397,8484,11.628,2379
RAW,42.9,9397,8477,11.593,2372
RAW,43.2,9401,8482,11.774,2409
RAW,43.4,9403,8470,11.764,2407
RAW,43.7,9403,8472,11.569,2367
RAW,43.9,9409,8470,11.569,2367
RAW,44.1,9398,8467,11.637,2381
RAW,44.4,9395,8461,11.764,2407
RAW,44.6,9394,8459,11.755,2405
RAW,44.9,9406,8460,11.579,2369
RAW,45.1,9399,8452,11.574,2368
RAW,45.4,9397,8451,11.549,2363
RAW,45.6,9394,8446,11.735,2401
RAW,45.9,9391,8446,11.637,2381
RAW,46.1,9391,8442,11.588,2371
RAW,46.3,9388,8434,11.598,2373
RAW,46.6,9381,8431,11.750,2404
RAW,46.8,9378,8427,11.779,2410
RAW,47.1,9377,8425,11.564,2366
RAW,47.3,9371,8423,11.569,2367
RAW,47.6,9364,8421,11.760,2406
RAW,47.8,9336,8400,11.808,2416
RAW,48.1,9249,8358,11.525,2358
RAW,48.3,9204,8338,11.574,2368
RAW,48.6,9208,8338,11.735,2401
RAW,48.8,9225,8342,11.750,2404
RAW,49.0,9228,8349,11.667,2387
RAW,49.3,9246,8354,11.515,2356
RAW,49.5,9256,8358,11.540,2361
RAW,49.8,9270,8364,11.730,2400
RAW,50.0,9275,8356,11.804,2415
RAW,50.3,9290,8364,11.540,2361
RAW,50.5,9291,8361,11.569,2367
RAW,50.7,9292,8358,11.608,2375
RAW,51.0,9299,8357,11.725,2399
RAW,51.2,9295,8351,11.804,2415
RAW,51.5,9296,8347,11.564,2366
RAW,51.7,9292,8349,11.540,2361
RAW,52.0,9291,8346,11.799,2414
RAW,52.2,9297,8345,11.730,2400
RAW,52.4,9296,8343,11.720,2398
RAW,52.7,9293,8338,11.520,2357
RAW,52.9,9293,8339,11.505,2354
RAW,53.2,9288,8332,11.794,2413
RAW,53.4,9286,8329,11.720,2398
RAW,53.7,9292,8330,11.500,2353
RAW,53.9,9293,8328,11.525,2358
RAW,54.2,9286,8326,11.745,2403
RAW,54.4,9288,8323,11.706,2395
RAW,54.7,9287,8321,11.544,2362
RAW,54.9,9295,8319,11.525,2358
RAW,55.1,9287,8314,11.505,2354
RAW,55.4,9287,8317,11.755,2405
RAW,55.6,9286,8314,11.667,2387
RAW,55.9,9284,8307,11.530,2359
RAW,56.1,9279,8308,11.574,2368
RAW,56.4,9281,8306,11.764,2407
RAW,56.6,9268,8298,11.725,2399
RAW,56.9,9239,8278,11.051,2261
RAW,57.1,9188,8256,11.569,2367
RAW,57.3,9133,8230,11.549,2363
RAW,57.6,9131,8229,11.735,2401
RAW,57.8,9141,8226,11.716,2397
RAW,58.1,9166,8233,11.496,2352
RAW,58.3,9177,8244,11.515,2356
RAW,58.5,9189,8252,11.496,2352
RAW,58.8,9202,8256,11.716,2397
RAW,59.0,9206,8258,11.720,2398
RAW,59.3,9230,8265,11.569,2367
RAW,59.5,9239,8266,11.549,2363
RAW,59.8,9242,8270,11.779,2410
RAW,60.0,9236,8265,11.696,2393
RAW,60.3,9237,8258,11.510,2355
RAW,60.5,9236,8261,11.530,2359
RAW,60.7,9232,8254,11.579,2369
RAW,61.0,9228,8254,11.784,2411
RAW,61.2,9234,8251,11.960,2447
RAW,61.5,9239,8259,11.496,2352
RAW,61.7,9237,8254,11.549,2363
RAW,62.0,9243,8257,11.745,2403
RAW,62.2,9246,8259,11.720,2398
RAW,62.5,9248,8259,11.574,2368
RAW,62.7,9242,8254,11.520,2357
RAW,62.9,9250,8255,11.520,2357
RAW,63.2,9242,8250,11.706,2395
RAW,63.4,9245,8256,11.686,2391
RAW,63.7,9241,8253,11.520,2357
RAW,63.9,9236,8247,11.520,2357
RAW,64.2,9247,8247,11.716,2397
RAW,64.4,9234,8246,11.706,2395
RAW,64.7,9235,8244,11.510,2355
RAW,64.9,9235,8238,11.505,2354
RAW,65.2,9232,8231,11.706,2395
RAW,65.4,9226,8224,11.696,2393
RAW,65.6,9200,8212,11.716,2397
RAW,65.9,9129,8170,11.549,2363
RAW,66.1,9084,8155,11.496,2352
RAW,66.4,9093,8160,11.662,2386
RAW,66.6,9106,8168,11.686,2391
RAW,66.8,9120,8171,11.701,2394
RAW,67.1,9145,8177,11.496,2352
RAW,67.3,9144,8189,11.496,2352
RAW,67.6,9167,8191,11.579,2369
RAW,67.8,9175,8194,11.711,2396
RAW,68.1,9188,8194,11.496,2352
RAW,68.3,9185,8192,11.549,2363
RAW,68.5,9187,8198,11.496,2352
RAW,68.8,9190,8191,11.696,2393
RAW,69.0,9186,8188,11.681,2390
RAW,69.3,9182,8186,11.481,2349
RAW,69.5,9191,8185,11.496,2352
RAW,69.8,9190,8188,11.691,2392
RAW,70.0,9185,8189,11.657,2385
RAW,70.3,9190,8188,11.496,2352
RAW,70.5,9185,8189,11.496,2352
RAW,70.7,9192,8186,11.515,2356
RAW,71.0,9190,8181,11.681,2390
RAW,71.2,9184,8173,11.667,2387
RAW,71.5,9183,8174,11.505,2354
RAW,71.7,9181,8177,11.496,2352
RAW,71.9,9176,8171,11.515,2356
RAW,72.2,9183,8169,11.652,2384
RAW,72.4,9173,8165,11.676,2389
RAW,72.7,9170,8161,11.491,2351
RAW,72.9,9168,8162,11.496,2352
RAW,73.1,9168,8155,11.496,2352
RAW,73.4,9168,8155,11.696,2393
RAW,73.6,9151,8148,11.632,2380
RAW,73.9,9093,8105,11.496,2352
RAW,74.1,9037,8088,11.466,2346
RAW,74.3,9009,8081,11.500,2353
RAW,74.6,9023,8083,11.706,2395
RAW,74.8,9031,8088,11.652,2384
RAW,75.1,9054,8101,11.496,2352
RAW,75.3,9070,8105,11.500,2353
RAW,75.5,9075,8106,11.496,2352
RAW,75.8,9086,8110,11.652,2384
RAW,76.0,9107,8117,11.652,2384
RAW,76.3,9122,8130,11.491,2351
RAW,76.5,9132,8129,11.491,2351
RAW,76.8,9137,8135,11.672,2388
RAW,77.0,9142,8132,11.642,2382
RAW,77.3,9140,8129,11.471,2347
RAW,77.5,9140,8126,11.496,2352
RAW,77.8,9142,8122,11.652,2384
RAW,78.0,9139,8131,11.652,2384
RAW,78.3,9149,8127,11.496,2352
RAW,78.5,9148,8126,11.481,2349
RAW,78.8,9149,8127,11.647,2383
RAW,79.0,9151,8125,11.652,2384
RAW,79.2,9150,8119,11.652,2384
RAW,79.5,9153,8123,11.452,2343
RAW,79.7,9153,8120,11.461,2345
RAW,80.0,9151,8115,11.603,2374
RAW,80.2,9142,8114,11.608,2375
RAW,80.5,9149,8118,11.466,2346
RAW,80.7,9143,8115,11.427,2338
RAW,81.0,9154,8113,11.647,2383
RAW,81.2,9150,8113,11.657,2385
RAW,81.4,9150,8115,11.608,2375
RAW,81.7,9146,8110,11.500,2353
RAW,81.9,9146,8105,11.442,2341
RAW,82.2,9082,8073,11.603,2374
RAW,82.4,9018,8044,11.618,2377
RAW,82.7,8975,8031,11.427,2338
RAW,82.9,8981,8028,11.491,2351
RAW,83.2,9000,8044,11.569,2367
RAW,83.4,9016,8045,11.584,2370
RAW,83.6,9028,8053,11.603,2374
RAW,83.9,9038,8056,11.471,2347
RAW,84.1,9046,8055,11.432,2339
RAW,84.4,9072,8070,11.520,2357
RAW,84.6,9098,8075,11.574,2368
RAW,84.8,9105,8082,11.574,2368
RAW,85.1,9119,8088,11.432,2339
RAW,85.3,9114,8087,11.417,2336
RAW,85.6,9113,8082,11.618,2377
RAW,85.8,9109,8084,11.628,2379
RAW,86.1,9112,8080,11.496,2352
RAW,86.3,9112,8082,11.569,2367
RAW,86.6,9115,8087,11.716,2397
RAW,86.8,9116,8086,11.686,2391
RAW,87.0,9119,8082,11.804,2415
RAW,87.3,9117,8087,11.745,2403
RAW,87.5,9128,8079,11.720,2398
RAW,87.8,9132,8081,11.896,2434
RAW,88.0,9126,8080,11.901,2435
RAW,88.3,9123,8080,11.808,2416
RAW,88.5,9120,8085,11.779,2410
RAW,88.8,9129,8075,11.906,2436
RAW,89.0,9131,8078,11.906,2436
RAW,89.2,9127,8075,11.940,2443
RAW,89.5,9132,8085,11.784,2411
RAW,89.7,9133,8076,11.725,2399
RAW,90.0,9140,8087,11.872,2429
RAW,90.2,9131,8078,11.808,2416
RAW,90.5,9138,8081,11.686,2391
RAW,90.7,9131,8073,11.652,2384
RAW,91.0,9067,8040,11.584,2370
RAW,91.2,8993,8006,11.725,2399
RAW,91.4,8934,7982,11.755,2405
RAW,91.7,8910,7968,11.608,2375
RAW,91.9,8917,7973,11.608,2375
RAW,92.1,8939,7985,11.642,2382
RAW,92.4,8965,8001,11.652,2384
RAW,92.6,8976,8008,11.716,2397
RAW,92.9,8993,8007,11.603,2374
RAW,93.1,9013,8021,11.623,2378
RAW,93.4,9044,8029,11.706,2395
RAW,93.6,9056,8035,11.716,2397
RAW,93.9,9070,8043,11.628,2379
RAW,94.1,9078,8048,11.588,2371
RAW,94.4,9079,8050,11.681,2390
RAW,94.6,9074,8046,11.652,2384
RAW,94.9,9075,8041,11.574,2368
RAW,95.1,9076,8041,11.559,2365
RAW,95.3,9081,8044,11.584,2370
RAW,95.6,9083,8047,11.681,2390
RAW,95.8,9090,8047,11.891,2433
RAW,96.1,9101,8042,11.588,2371
RAW,96.3,9105,8048,11.549,2363
RAW,96.6,9099,8042,11.642,2382
RAW,96.8,9105,8043,11.652,2384
RAW,97.1,9103,8041,11.544,2362
RAW,97.3,9105,8038,11.540,2361
RAW,97.6,9106,8036,11.652,2384
RAW,97.8,9108,8039,11.637,2381
RAW,98.1,9107,8041,11.515,2356
RAW,98.3,9110,8045,11.554,2364
RAW,98.6,9106,8040,11.628,2379
RAW,98.8,9113,8036,11.628,2379
RAW,99.0,9108,8042,11.642,2382
RAW,99.3,9113,8043,11.564,2366
RAW,99.5,9112,8040,11.505,2354
RAW,99.8,9105,8038,11.588,2371
RAW,100.0,9096,8027,11.652,2384
RAW,100.3,9020,7989,11.549,2363
RAW,100.5,8947,7953,11.559,2365
RAW,100.7,8905,7944,11.564,2366
RAW,101.0,8903,7935,11.608,2375
RAW,101.2,8913,7946,11.652,2384
RAW,101.5,8944,7962,11.706,2395
RAW,101.7,8957,7964,11.505,2354
RAW,102.0,8969,7969,11.554,2364
RAW,102.2,8976,7971,11.618,2377
RAW,102.4,8996,7986,11.588,2371
RAW,102.7,9029,7996,11.593,2372
RAW,102.9,9046,8001,11.496,2352
RAW,103.2,9060,8010,11.574,2368
RAW,103.4,9062,8009,11.564,2366
RAW,103.7,9063,8006,11.530,2359
RAW,103.9,9062,8003,11.481,2349
RAW,104.1,9057,7999,11.505,2354
RAW,104.4,9059,8006,11.559,2365
RAW,104.6,9059,8009,11.520,2357
RAW,104.9,9073,8006,11.530,2359
RAW,105.1,9070,8009,11.500,2353
RAW,105.3,9075,8007,11.505,2354
RAW,105.6,9080,8017,11.530,2359
RAW,105.8,9077,8012,11.569,2367
RAW,106.1,9088,8016,11.505,2354
RAW,106.3,9090,8016,11.530,2359
RAW,106.6,9088,8023,11.525,2358
RAW,106.8,9088,8023,11.564,2366
RAW,107.1,9099,8014,11.510,2355
RAW,107.3,9092,8024,11.452,2343
RAW,107.6,9101,8018,11.569,2367
RAW,107.8,9095,8012,11.496,2352
RAW,108.1,9094,8015,11.496,2352
RAW,108.3,9090,8008,11.491,2351
RAW,108.6,9078,8000,11.525,2358
RAW,108.8,9030,7975,11.510,2355
RAW,109.1,8915,7919,11.486,2350
RAW,109.3,8890,7907,11.496,2352
RAW,109.5,8888,7907,11.491,2351
RAW,109.8,8904,7916,11.496,2352
RAW,110.0,8921,7921,11.540,2361
RAW,110.3,8952,7935,11.500,2353
RAW,110.5,8960,7934,11.491,2351
RAW,110.8,8982,7947,11.559,2365
RAW,111.0,9005,7958,11.525,2358
RAW,111.2,9030,7959,11.544,2362
RAW,111.5,9041,7962,11.422,2337
RAW,111.7,9043,7968,11.500,2353
RAW,112.0,9054,7969,11.520,2357
RAW,112.2,9045,7968,11.471,2347
RAW,112.5,9042,7968,11.520,2357
RAW,112.7,9048,7963,11.569,2367
RAW,113.0,9047,7962,11.452,2343
RAW,113.2,9050,7970,11.808,2416
RAW,113.5,9048,7962,11.505,2354
RAW,113.7,9051,7967,11.500,2353
RAW,114.0,9056,7969,11.515,2356
RAW,114.2,9053,7969,11.491,2351
RAW,114.4,9057,7965,11.496,2352
RAW,114.7,9054,7963,11.500,2353
RAW,115.0,9056,7960,11.520,2357
RAW,115.2,9063,7963,11.496,2352
RAW,115.4,9058,7962,11.540,2361
RAW,115.7,9061,7955,11.486,2350
RAW,115.9,9057,7958,11.496,2352
RAW,116.2,9056,7954,11.432,2339
RAW,116.4,9056,7955,11.496,2352
RAW,116.7,9049,7948,11.491,2351
RAW,116.9,9055,7947,11.486,2350
RAW,117.2,9033,7935,11.491,2351
RAW,117.4,8981,7912,11.496,2352
RAW,117.7,8893,7871,11.486,2350
RAW,117.9,8881,7860,11.432,2339
RAW,118.2,8888,7867,11.481,2349
RAW,118.4,8910,7883,11.442,2341
RAW,118.6,8930,7881,11.466,2346
RAW,118.9,8940,7891,11.496,2352
RAW,119.1,8961,7896,11.491,2351
RAW,119.4,8973,7904,11.442,2341
RAW,119.6,8997,7907,11.461,2345
RAW,119.9,9004,7914,11.520,2357
RAW,120.1,9007,7912,11.496,2352
RAW,120.4,9008,7914,11.540,2361
RAW,120.6,9008,7906,11.496,2352
RAW,120.9,9010,7909,11.496,2352
RAW,121.1,9007,7910,11.427,2338
RAW,121.3,9012,7912,11.491,2351
RAW,121.6,9012,7903,11.481,2349
RAW,121.9,9011,7909,11.496,2352
RAW,122.1,9019,7909,11.461,2345
RAW,122.3,9016,7906,11.481,2349
RAW,122.6,9016,7907,11.452,2343
RAW,122.8,9010,7903,11.422,2337
RAW,123.1,9008,7907,11.486,2350
RAW,123.3,9012,7901,11.505,2354
RAW,123.6,9011,7903,11.432,2339
RAW,123.8,9009,7903,11.447,2342
RAW,124.1,9011,7896,11.505,2354
RAW,124.3,9011,7901,11.505,2354
RAW,124.6,9019,7900,11.466,2346
RAW,124.8,9011,7897,11.422,2337
RAW,125.1,9010,7893,11.364,2325
RAW,125.3,9013,7895,11.466,2346
RAW,125.6,9004,7892,11.432,2339
RAW,125.8,9002,7894,11.442,2341
RAW,126.1,8997,7890,11.515,2356
RAW,126.3,8982,7870,11.496,2352
RAW,126.6,8896,7836,11.413,2335
RAW,126.8,8860,7822,11.403,2333
RAW,127.1,8873,7824,11.471,2347
RAW,127.3,8890,7834,11.496,2352
RAW,127.6,8910,7846,11.388,2330
RAW,127.8,8924,7846,11.422,2337
RAW,128.0,8925,7857,11.413,2335
RAW,128.3,8944,7862,11.491,2351
RAW,128.5,8959,7864,11.471,2347
RAW,128.8,8974,7870,11.369,2326
RAW,129.1,8979,7872,11.520,2357
RAW,129.3,8982,7875,11.491,2351
RAW,129.6,8988,7874,11.408,2334
RAW,129.8,8985,7872,11.388,2330
RAW,130.1,8980,7871,11.491,2351
RAW,130.3,8983,7872,11.486,2350
RAW,130.6,8986,7868,11.388,2330
RAW,130.8,8986,7869,11.413,2335
RAW,131.1,8984,7866,11.466,2346
RAW,131.3,8981,7867,11.730,2400
RAW,131.6,8986,7870,11.403,2333
RAW,131.8,8981,7865,11.388,2330
RAW,132.1,8980,7858,11.608,2375
RAW,132.3,8975,7850,11.417,2336
RAW,132.6,8977,7849,11.349,2322
RAW,132.8,8973,7847,11.398,2332
RAW,133.1,8964,7847,11.496,2352
RAW,133.3,8967,7842,11.496,2352
RAW,133.6,8962,7833,11.403,2333
RAW,133.8,8964,7835,11.388,2330
RAW,134.1,8965,7836,11.510,2355
RAW,134.3,8970,7843,11.466,2346
RAW,134.6,8968,7838,11.364,2325
RAW,134.8,8970,7838,11.569,2367
RAW,135.1,8970,7840,11.510,2355
RAW,135.3,8967,7834,11.510,2355
RAW,135.6,8920,7810,11.256,2303
RAW,135.8,8854,7780,11.393,2331
RAW,136.1,8817,7769,11.491,2351
RAW,136.3,8830,7777,11.486,2350
RAW,136.5,8839,7783,11.496,2352
RAW,136.8,8862,7795,11.388,2330
RAW,137.0,8878,7799,11.413,2335
RAW,137.3,8885,7804,11.525,2358
RAW,137.5,8894,7809,11.500,2353
RAW,137.8,8914,7814,11.413,2335
RAW,138.0,8925,7822,11.393,2331
RAW,138.3,8943,7818,11.500,2353
RAW,138.5,8945,7820,11.505,2354
RAW,138.8,8947,7821,11.373,2327
RAW,139.0,8942,7822,11.398,2332
RAW,139.3,8943,7820,11.486,2350
RAW,139.5,8940,7818,11.496,2352
RAW,139.8,8942,7817,11.403,2333
RAW,140.0,8939,7814,11.373,2327
RAW,140.3,8945,7816,11.520,2357
RAW,140.5,8954,7819,11.496,2352
RAW,140.8,8951,7816,11.403,2333
RAW,141.0,8949,7817,11.427,2338
RAW,141.3,8953,7819,11.496,2352
RAW,141.5,8951,7817,11.564,2366
RAW,141.8,8952,7817,11.393,2331
RAW,142.0,8951,7817,11.388,2330
RAW,142.3,8955,7806,11.559,2365
RAW,142.6,8949,7811,11.383,2329
RAW,142.8,8956,7809,11.417,2336
RAW,143.1,8951,7809,11.520,2357
RAW,143.3,8951,7808,11.505,2354
RAW,143.6,8949,7814,11.334,2319
RAW,143.8,8956,7806,11.413,2335
RAW,144.1,8963,7815,11.500,2353
RAW,144.3,8964,7817,11.496,2352
RAW,144.6,8953,7808,11.369,2326
RAW,144.8,8916,7792,11.447,2342
RAW,145.1,8839,7757,11.549,2363
RAW,145.3,8816,7749,11.544,2362
RAW,145.6,8816,7748,11.383,2329
RAW,145.8,8836,7760,11.373,2327
RAW,146.1,8862,7765,11.579,2369
RAW,146.4,8881,7773,11.398,2332
RAW,146.6,8895,7779,11.408,2334
RAW,146.8,8901,7785,11.344,2321
RAW,147.1,8919,7789,11.588,2371
RAW,147.4,8934,7799,11.339,2320
RAW,147.6,8936,7796,11.413,2335
RAW,147.9,8933,7797,11.500,2353
RAW,148.1,8933,7798,11.510,2355
RAW,148.4,8938,7792,11.359,2324
RAW,148.6,8929,7791,11.383,2329
RAW,148.9,8932,7792,11.554,2364
RAW,149.1,8934,7796,11.559,2365
RAW,149.4,8940,7799,11.393,2331
RAW,149.6,8940,7794,11.530,2359
RAW,149.9,8943,7792,11.569,2367
RAW,150.1,8947,7799,11.373,2327
RAW,150.4,8949,7803,11.354,2323
RAW,150.6,8953,7800,11.500,2353
RAW,150.9,8947,7800,11.564,2366
RAW,151.1,8948,7797,11.383,2329
RAW,151.4,8946,7800,11.393,2331
RAW,151.6,8955,7793,11.530,2359
RAW,151.9,8963,7798,11.496,2352
RAW,152.1,8953,7800,11.369,2326
RAW,152.4,8952,7799,11.388,2330
RAW,152.6,8959,7801,11.393,2331
RAW,152.9,8955,7798,11.500,2353
RAW,153.1,8952,7793,11.559,2365
RAW,153.4,8908,7771,11.373,2327
RAW,153.6,8808,7730,11.544,2362
RAW,153.9,8779,7716,11.520,2357
RAW,154.1,8779,7721,11.383,2329
RAW,154.4,8793,7728,11.393,2331
RAW,154.6,8811,7733,11.417,2336
RAW,154.9,8837,7742,11.588,2371
RAW,155.1,8854,7749,11.525,2358
RAW,155.4,8869,7759,11.369,2326
RAW,155.6,8886,7764,11.339,2320
RAW,155.9,8911,7769,11.510,2355
RAW,156.1,8926,7779,11.354,2323
RAW,156.4,8927,7780,11.373,2327
RAW,156.6,8923,7778,11.364,2325
RAW,156.9,8927,7773,11.530,2359
RAW,157.1,8926,7781,11.408,2334
RAW,157.4,8928,7780,11.364,2325
RAW,157.6,8937,7777,11.525,2358
RAW,157.9,8936,7785,11.540,2361
RAW,158.1,8941,7787,11.354,2323
RAW,158.4,8944,7784,11.339,2320
RAW,158.6,8947,7789,11.530,2359
RAW,158.9,8947,7785,11.540,2361
RAW,159.1,8943,7782,11.393,2331
RAW,159.4,8951,7791,11.364,2325
RAW,159.6,8948,7787,11.569,2367
RAW,159.9,8953,7790,11.295,2311
RAW,160.1,8957,7783,11.349,2322
RAW,160.4,8950,7778,11.383,2329
RAW,160.6,8954,7779,11.520,2357
RAW,160.9,8952,7781,11.393,2331
RAW,161.1,8944,7782,11.369,2326
RAW,161.4,8950,7778,11.540,2361
RAW,161.6,8948,7783,11.549,2363
RAW,161.9,8948,7784,11.354,2323
RAW,162.1,8938,7779,11.364,2325
RAW,162.4,8870,7736,11.520,2357
RAW,162.6,8809,7718,11.510,2355
RAW,162.9,8763,7696,11.354,2323
RAW,163.3,8771,7702,11.496,2352
RAW,163.4,8781,7704,11.505,2354
RAW,163.6,8797,7708,11.530,2359
RAW,163.9,8810,7715,11.349,2322
RAW,164.3,8833,7725,11.540,2361
RAW,164.4,8851,7733,11.496,2352
RAW,164.8,8871,7746,11.354,2323
RAW,164.9,8892,7750,11.339,2320
RAW,165.3,8904,7752,11.530,2359
RAW,165.6,8913,7755,11.408,2334
RAW,165.8,8910,7759,11.339,2320
RAW,166.1,8907,7757,11.500,2353
RAW,166.3,8911,7754,11.500,2353
RAW,166.6,8902,7758,11.403,2333
RAW,166.8,8908,7758,11.364,2325
RAW,167.1,8913,7759,11.559,2365
RAW,167.3,8914,7761,11.515,2356
RAW,167.6,8919,7761,11.383,2329
RAW,167.8,8928,7758,11.339,2320
RAW,168.1,8921,7753,11.579,2369
RAW,168.3,8912,7746,11.383,2329
RAW,168.5,8915,7747,11.339,2320
RAW,168.8,8917,7749,11.325,2317
RAW,169.0,8918,7745,11.530,2359
RAW,169.3,8919,7746,11.339,2320
RAW,169.5,8917,7747,11.334,2319
RAW,169.8,8920,7748,11.515,2356
RAW,170.0,8922,7753,11.520,2357
RAW,170.3,8935,7758,11.325,2317
RAW,170.5,8934,7756,11.373,2327
RAW,170.8,8930,7757,11.559,2365
RAW,171.0,8938,7754,11.574,2368
RAW,171.3,8927,7755,11.369,2326
RAW,171.6,8915,7743,11.632,2380
RAW,171.8,8871,7721,11.618,2377
RAW,172.1,8773,7681,11.393,2331
RAW,172.3,8750,7664,11.349,2322
RAW,172.6,8748,7667,11.530,2359
RAW,172.8,8766,7669,11.540,2361
RAW,173.1,8794,7688,11.349,2322
RAW,173.3,8802,7692,11.369,2326
RAW,173.6,8821,7700,11.554,2364
RAW,173.9,8836,7708,11.349,2322
RAW,174.1,8849,7716,11.354,2323
RAW,174.4,8875,7719,11.525,2358
RAW,174.6,8879,7728,11.540,2361
RAW,174.9,8888,7725,11.339,2320
RAW,175.1,8882,7732,11.344,2321
RAW,175.4,8888,7725,11.525,2358
RAW,175.7,8884,7723,11.354,2323
RAW,175.9,8888,7723,11.403,2333
RAW,176.2,8887,7725,11.549,2363
RAW,176.5,8891,7729,11.339,2320
RAW,176.7,8896,7729,11.281,2308
RAW,177.0,8901,7728,11.530,2359
RAW,177.2,8898,7726,11.530,2359
RAW,177.5,8903,7725,11.339,2320
RAW,177.8,8909,7725,11.544,2362
RAW,178.0,8902,7725,11.554,2364
RAW,178.3,8912,7726,11.344,2321
RAW,178.5,8900,7728,11.369,2326
RAW,178.8,8905,7727,11.520,2357
RAW,179.0,8910,7725,11.530,2359
RAW,179.3,8911,7721,11.334,2319
RAW,179.5,8903,7725,11.383,2329
RAW,179.8,8919,7726,11.510,2355
RAW,180.1,8905,7727,11.339,2320
RAW,180.3,8910,7721,11.290,2310
RAW,180.6,8906,7721,11.559,2365
RAW,180.8,8905,7715,11.540,2361
RAW,181.1,8886,7707,11.339,2320
RAW,181.3,8833,7676,11.339,2320
RAW,181.6,8756,7645,11.525,2358
RAW,181.9,8743,7639,11.344,2321
RAW,182.1,8746,7650,11.349,2322
RAW,182.4,8770,7655,11.579,2369
RAW,182.6,8784,7662,11.500,2353
RAW,182.9,8803,7666,11.373,2327
RAW,183.2,8813,7674,11.564,2366
RAW,183.4,8829,7679,11.544,2362
RAW,183.7,8853,7691,11.393,2331
RAW,183.9,8867,7695,11.369,2326
RAW,184.2,8874,7699,11.544,2362
RAW,184.5,8876,7700,11.354,2323
RAW,184.7,8881,7697,11.329,2318
RAW,185.0,8874,7699,11.544,2362
RAW,185.2,8877,7696,11.471,2347
RAW,185.5,8873,7698,11.383,2329
RAW,185.8,8883,7694,11.491,2351
RAW,186.0,8884,7698,11.569,2367
RAW,186.3,8892,7699,11.373,2327
RAW,186.5,8893,7700,11.364,2325
RAW,186.8,8892,7691,11.584,2370
RAW,187.1,8889,7696,11.354,2323
RAW,187.3,8884,7693,11.388,2330
RAW,187.6,8890,7694,11.647,2383
RAW,187.8,8891,7693,11.500,2353
RAW,188.1,8888,7698,11.339,2320
RAW,188.3,8890,7697,11.393,2331
RAW,188.6,8890,7694,11.579,2369
RAW,188.9,8891,7699,11.373,2327
RAW,189.1,8897,7697,11.398,2332
RAW,189.4,8891,7697,11.554,2364
RAW,189.6,8894,7696,11.540,2361
RAW,189.9,8896,7686,11.383,2329
RAW,190.2,8893,7693,11.549,2363
RAW,190.4,8889,7684,11.735,2401
RAW,190.7,8828,7659,11.354,2323
RAW,190.9,8773,7630,11.364,2325
RAW,191.2,8734,7623,11.471,2347
RAW,191.5,8744,7627,11.339,2320
RAW,191.7,8768,7640,11.354,2323
RAW,191.9,8778,7634,11.388,2330
RAW,192.2,8798,7650,11.564,2366
RAW,192.4,8807,7658,11.530,2359
RAW,192.7,8816,7659,11.373,2327
RAW,193.0,8841,7671,11.515,2356
RAW,193.2,8863,7670,11.515,2356
RAW,193.5,8856,7671,11.373,2327
RAW,193.7,8864,7669,11.461,2345
RAW,194.0,8867,7670,11.520,2357
RAW,194.3,8858,7661,11.373,2327
RAW,194.5,8862,7659,11.373,2327
RAW,194.8,8856,7662,11.500,2353
RAW,195.0,8856,7659,11.540,2361
RAW,195.3,8857,7658,11.408,2334
RAW,195.5,8856,7655,11.183,2288
RAW,195.8,8853,7659,11.520,2357
RAW,196.1,8856,7658,11.373,2327
RAW,196.3,8856,7655,11.334,2319
RAW,196.6,8857,7650,11.564,2366
RAW,196.8,8853,7648,11.466,2346
RAW,197.1,8858,7650,11.413,2335
RAW,197.4,8857,7649,11.540,2361
RAW,197.6,8863,7653,11.496,2352
RAW,197.9,8857,7648,11.393,2331
RAW,198.1,8863,7644,11.315,2315
RAW,198.4,8857,7642,11.564,2366
RAW,198.7,8855,7648,11.334,2319
RAW,198.9,8857,7647,11.276,2307
RAW,199.2,8859,7644,11.510,2355
RAW,199.4,8843,7639,11.544,2362
RAW,199.7,8786,7612,11.315,2315
RAW,199.9,8746,7592,11.398,2332
RAW,200.2,8733,7584,11.496,2352
RAW,200.5,8753,7595,11.359,2324
RAW,200.7,8767,7603,11.383,2329
RAW,201.0,8786,7607,11.530,2359
RAW,201.2,8793,7609,11.544,2362
RAW,201.5,8809,7614,11.393,2331
RAW,201.7,8811,7611,11.383,2329
RAW,202.0,8809,7614,11.588,2371
RAW,202.3,8809,7610,11.373,2327
RAW,202.5,8816,7607,11.369,2326
RAW,202.8,8815,7600,11.515,2356
RAW,203.0,8806,7602,11.579,2369
RAW,203.3,8807,7605,11.378,2328
RAW,203.6,8806,7605,11.500,2353
RAW,203.8,8810,7602,11.549,2363
RAW,204.1,8815,7608,11.354,2323
RAW,204.3,8815,7609,11.354,2323
RAW,204.6,8817,7604,11.520,2357
RAW,204.8,8815,7606,11.544,2362
RAW,205.1,8822,7607,11.364,2325
RAW,205.4,8821,7606,11.549,2363
RAW,205.6,8824,7611,11.525,2358
RAW,205.9,8818,7608,11.354,2323
RAW,206.1,8827,7610,11.364,2325
RAW,206.4,8819,7600,11.544,2362
RAW,206.7,8822,7601,11.388,2330
RAW,206.9,8815,7601,11.369,2326
RAW,207.2,8815,7591,11.559,2365
RAW,207.4,8812,7598,11.833,2421
RAW,207.7,8817,7596,11.369,2326
RAW,207.9,8813,7594,11.359,2324
RAW,208.2,8800,7592,11.588,2371
RAW,208.5,8736,7556,11.413,2335
RAW,208.7,8703,7544,11.403,2333
RAW,209.0,8677,7544,11.500,2353
RAW,209.2,8692,7545,11.652,2384
RAW,209.5,8718,7553,11.432,2339
RAW,209.8,8731,7561,11.525,2358
RAW,210.0,8742,7571,11.510,2355
RAW,210.3,8759,7565,11.344,2321
RAW,210.5,8759,7570,11.373,2327
RAW,210.8,8784,7583,11.530,2359
RAW,211.1,8797,7590,11.373,2327
RAW,211.3,8799,7594,11.364,2325
RAW,211.6,8805,7595,11.574,2368
RAW,211.8,8801,7590,11.559,2365
RAW,212.1,8802,7585,11.408,2334
RAW,212.4,8802,7584,11.549,2363
RAW,212.6,8797,7589,11.505,2354
RAW,212.9,8808,7589,11.408,2334
RAW,213.1,8804,7585,11.388,2330
RAW,213.4,8812,7585,11.544,2362
RAW,213.7,8810,7593,11.393,2331
RAW,213.9,8812,7583,11.364,2325
RAW,214.2,8809,7589,11.505,2354
RAW,214.4,8808,7588,11.525,2358
RAW,214.7,8815,7590,11.408,2334
RAW,215.0,8809,7594,11.530,2359
RAW,215.2,8811,7582,11.520,2357
RAW,215.5,8814,7589,11.403,2333
RAW,215.7,8812,7584,11.354,2323
RAW,216.0,8810,7585,11.525,2358
RAW,216.2,8817,7586,11.496,2352
RAW,216.5,8815,7586,11.413,2335
RAW,216.8,8812,7582,11.535,2360
RAW,217.0,8815,7585,11.574,2368
RAW,217.3,8772,7556,11.383,2329
RAW,217.6,8686,7519,11.564,2366
RAW,217.8,8652,7514,11.544,2362
RAW,218.1,8651,7512,11.393,2331
RAW,218.3,8659,7520,11.383,2329
RAW,218.6,8687,7524,11.520,2357
RAW,218.8,8696,7532,11.588,2371
RAW,219.1,8712,7539,11.403,2333
RAW,219.4,8716,7542,11.520,2357
RAW,219.6,8734,7550,11.544,2362
RAW,219.9,8758,7556,11.413,2335
RAW,220.1,8766,7561,11.408,2334
RAW,220.4,8776,7562,11.554,2364
RAW,220.7,8774,7564,11.432,2339
RAW,220.9,8770,7561,11.452,2343
RAW,221.2,8769,7562,11.525,2358
RAW,221.4,8768,7558,11.554,2364
RAW,221.7,8773,7565,11.383,2329
RAW,222.0,8784,7564,11.559,2365
RAW,222.2,8782,7562,11.564,2366
RAW,222.5,8791,7556,11.623,2378
RAW,222.7,8792,7562,11.437,2340
RAW,223.0,8794,7562,11.833,2421
RAW,223.3,8792,7562,11.432,2339
RAW,223.5,8796,7560,11.422,2337
RAW,223.8,8796,7562,11.574,2368
RAW,224.0,8795,7560,11.500,2353
RAW,224.3,8799,7563,11.500,2353
RAW,224.5,8797,7563,11.422,2337
RAW,224.8,8795,7565,11.510,2355
RAW,225.1,8803,7566,11.403,2333
RAW,225.3,8807,7567,11.354,2323
RAW,225.6,8806,7563,11.334,2319
RAW,225.8,8798,7565,11.496,2352
RAW,226.1,8803,7566,11.422,2337
RAW,226.3,8788,7547,11.398,2332
RAW,226.6,8728,7515,11.530,2359
RAW,226.9,8659,7486,11.461,2345
RAW,227.1,8651,7479,11.393,2331
RAW,227.4,8656,7488,11.540,2361
RAW,227.6,8669,7489,11.554,2364
RAW,227.9,8689,7506,11.403,2333
RAW,228.2,8706,7513,11.559,2365
RAW,228.4,8713,7511,11.549,2363
RAW,228.7,8731,7519,11.442,2341
RAW,228.9,8740,7524,11.427,2338
RAW,229.2,8760,7535,11.525,2358
RAW,229.5,8763,7539,11.437,2340
RAW,229.7,8766,7532,11.432,2339
RAW,230.0,8769,7537,11.559,2365
RAW,230.3,8766,7528,11.452,2343
RAW,230.5,8766,7535,11.398,2332
RAW,230.8,8769,7534,11.496,2352
RAW,231.0,8767,7537,11.564,2366
RAW,231.3,8771,7533,11.442,2341
RAW,231.6,8774,7529,11.544,2362
RAW,231.8,8776,7533,11.540,2361
RAW,232.1,8775,7528,11.466,2346
RAW,232.3,8777,7535,11.471,2347
RAW,232.6,8771,7531,11.505,2354
RAW,232.8,8775,7524,11.530,2359
RAW,233.1,8774,7526,11.461,2345
RAW,233.4,8776,7526,11.554,2364
RAW,233.6,8773,7529,11.496,2352
RAW,233.9,8777,7536,11.417,2336
RAW,234.2,8776,7526,11.500,2353
RAW,234.4,8780,7525,11.520,2357
RAW,234.7,8776,7529,11.403,2333
RAW,234.9,8772,7520,11.413,2335
RAW,235.2,8784,7528,11.515,2356
RAW,235.5,8772,7522,11.432,2339
RAW,235.7,8743,7507,11.373,2327
RAW,236.0,8666,7469,11.530,2359
RAW,236.2,8642,7465,11.564,2366
RAW,236.5,8645,7465,11.432,2339
RAW,236.8,8661,7478,11.510,2355
RAW,237.0,8679,7482,11.510,2355
RAW,237.3,8700,7495,11.491,2351
RAW,237.5,8708,7492,11.417,2336
RAW,237.8,8720,7494,11.520,2357
RAW,238.1,8739,7502,11.496,2352
RAW,238.3,8748,7507,11.466,2346
RAW,238.6,8760,7510,11.520,2357
RAW,238.8,8756,7508,11.520,2357
RAW,239.1,8760,7507,11.452,2343
RAW,239.4,8750,7507,11.823,2419
RAW,239.6,8754,7506,11.574,2368
RAW,239.9,8756,7511,11.466,2346
RAW,240.1,8760,7506,11.447,2342
RAW,240.4,8760,7505,11.505,2354
RAW,240.7,8760,7510,11.452,2343
RAW,240.9,8761,7503,11.496,2352
RAW,241.2,8763,7506,11.500,2353
RAW,241.5,8758,7504,11.466,2346
RAW,241.7,8772,7507,11.452,2343
RAW,242.0,8764,7507,11.549,2363
RAW,242.2,8760,7507,11.520,2357
RAW,242.5,8767,7505,11.496,2352
RAW,242.8,8770,7505,11.496,2352
RAW,243.0,8765,7500,11.500,2353
RAW,243.3,8767,7507,11.432,2339
RAW,243.6,8767,7509,11.500,2353
RAW,243.8,8768,7507,11.491,2351
RAW,244.1,8764,7498,11.466,2346
RAW,244.3,8731,7484,11.427,2338
RAW,244.6,8660,7453,11.500,2353
RAW,244.9,8623,7439,11.447,2342
RAW,245.1,8637,7442,11.457,2344
RAW,245.4,8654,7453,11.510,2355
RAW,245.6,8669,7457,11.496,2352
RAW,245.9,8695,7473,11.496,2352
RAW,246.2,8707,7478,11.447,2342
RAW,246.4,8719,7481,11.500,2353
RAW,246.7,8738,7486,11.481,2349
RAW,246.9,8743,7483,11.486,2350
RAW,247.2,8747,7486,11.520,2357
RAW,247.5,8746,7493,11.447,2342
RAW,247.7,8750,7481,11.432,2339
RAW,248.0,8744,7484,11.500,2353
RAW,248.2,8746,7483,11.408,2334
RAW,248.5,8747,7485,11.471,2347
RAW,248.7,8751,7489,11.442,2341
RAW,249.0,8754,7486,11.500,2353
RAW,249.3,8749,7492,11.510,2355
RAW,249.5,8752,7484,11.466,2346
RAW,249.8,8756,7486,11.491,2351
RAW,250.0,8752,7484,11.496,2352
RAW,250.3,8761,7486,11.466,2346
RAW,250.6,8749,7480,11.481,2349
RAW,250.8,8750,7486,11.525,2358
RAW,251.1,8753,7483,11.481,2349
RAW,251.3,8755,7486,11.461,2345
RAW,251.6,8755,7482,11.505,2354
RAW,251.9,8748,7482,11.500,2353
RAW,252.1,8755,7481,11.476,2348
RAW,252.4,8752,7485,11.500,2353
RAW,252.6,8749,7478,11.486,2350
RAW,252.9,8685,7446,11.496,2352
RAW,253.2,8607,7419,11.496,2352
RAW,253.4,8599,7413,11.496,2352
RAW,253.7,8618,7420,11.530,2359
RAW,253.9,8626,7428,11.496,2352
RAW,254.2,8650,7436,11.461,2345
RAW,254.5,8661,7445,11.496,2352
RAW,254.7,8673,7445,11.471,2347
RAW,255.0,8697,7457,11.471,2347
RAW,255.2,8703,7460,11.491,2351
RAW,255.5,8732,7463,11.496,2352
RAW,255.8,8723,7465,11.500,2353
RAW,256.0,8730,7460,11.544,2362
RAW,256.3,8729,7467,11.461,2345
RAW,256.5,8731,7462,11.491,2351
RAW,256.8,8729,7457,11.515,2356
RAW,257.0,8729,7464,11.500,2353
RAW,257.3,8736,7461,11.510,2355
RAW,257.6,8729,7466,11.447,2342
RAW,257.8,8737,7461,11.466,2346
RAW,258.1,8737,7464,11.496,2352
RAW,258.3,8738,7461,11.500,2353
RAW,258.6,8737,7462,11.496,2352
RAW,258.9,8738,7466,11.491,2351
RAW,259.1,8742,7458,11.500,2353
RAW,259.4,8743,7464,11.491,2351
RAW,259.7,8745,7463,11.510,2355
RAW,259.9,8739,7464,11.466,2346
RAW,260.2,8750,7467,11.496,2352
RAW,260.4,8748,7464,11.496,2352
RAW,260.7,8750,7468,11.491,2351
RAW,260.9,8740,7458,11.505,2354
RAW,261.2,8743,7457,11.481,2349
RAW,261.5,8719,7443,11.481,2349
RAW,261.7,8665,7415,11.574,2368
RAW,262.0,8594,7391,11.481,2349
RAW,262.2,8594,7386,11.500,2353
RAW,262.5,8602,7394,11.520,2357
RAW,262.8,8622,7408,11.447,2342
RAW,263.0,8634,7419,11.285,2309
RAW,263.3,8654,7416,11.569,2367
RAW,263.5,8667,7425,11.447,2342
RAW,263.8,8677,7430,11.486,2350
RAW,264.0,8697,7434,11.461,2345
RAW,264.3,8711,7444,11.540,2361
RAW,264.6,8711,7446,11.452,2343
RAW,264.8,8710,7437,11.544,2362
RAW,265.1,8712,7438,11.496,2352
RAW,265.4,8714,7436,11.452,2343
RAW,265.6,8710,7438,11.471,2347
RAW,265.9,8720,7443,11.520,2357
RAW,266.1,8714,7440,11.520,2357
RAW,266.4,8724,7443,11.466,2346
RAW,266.7,8728,7440,11.525,2358
RAW,266.9,8723,7440,11.544,2362
RAW,267.2,8728,7439,11.496,2352
RAW,267.4,8727,7443,11.496,2352
RAW,267.7,8727,7439,11.584,2370
RAW,267.9,8732,7443,11.574,2368
RAW,268.2,8735,7438,11.466,2346
RAW,268.5,8737,7443,11.598,2373
RAW,268.7,8735,7445,11.574,2368
RAW,269.0,8729,7437,11.466,2346
RAW,269.2,8727,7440,11.510,2355
RAW,269.5,8741,7440,11.574,2368
RAW,269.7,8739,7441,11.574,2368
RAW,270.0,8730,7437,11.496,2352
RAW,270.3,8744,7445,11.510,2355
RAW,270.5,8733,7441,11.608,2375
RAW,270.8,8664,7409,11.496,2352
RAW,271.1,8586,7373,11.564,2366
RAW,271.3,8579,7371,11.598,2373
RAW,271.6,8583,7381,11.447,2342
RAW,271.8,8604,7389,11.153,2282
RAW,272.1,8617,7395,11.559,2365
RAW,272.3,8627,7402,11.804,2415
RAW,272.6,8642,7402,11.481,2349
RAW,272.9,8659,7410,11.706,2395
RAW,273.1,8671,7421,11.608,2375
RAW,273.4,8700,7424,11.496,2352
RAW,273.6,8707,7430,11.461,2345
RAW,273.9,8712,7432,11.637,2381
RAW,274.2,8712,7430,11.525,2358
RAW,274.4,8706,7433,11.422,2337
RAW,274.7,8709,7427,11.579,2369
RAW,274.9,8713,7430,11.608,2375
RAW,275.2,8716,7431,11.476,2348
RAW,275.5,8727,7434,11.564,2366
RAW,275.7,8726,7440,11.569,2367
RAW,276.0,8734,7436,11.520,2357
RAW,276.2,8730,7435,11.496,2352
RAW,276.5,8734,7436,11.632,2380
RAW,276.7,8746,7437,11.569,2367
RAW,277.0,8739,7442,11.461,2345
RAW,277.3,8733,7439,11.584,2370
RAW,277.5,8738,7437,11.628,2379
RAW,277.8,8737,7441,11.491,2351
RAW,278.0,8742,7435,11.481,2349
RAW,278.3,8744,7443,11.574,2368
RAW,278.6,8739,7432,11.491,2351
RAW,278.8,8740,7435,11.486,2350
RAW,279.1,8742,7438,11.588,2371
RAW,279.3,8744,7435,11.588,2371
RAW,279.6,8742,7434,11.471,2347
RAW,279.9,8739,7432,11.584,2370
RAW,280.1,8711,7417,11.647,2383
RAW,280.4,8626,7381,11.500,2353
RAW,280.6,8574,7357,11.515,2356
RAW,280.9,8555,7354,11.588,2371
RAW,281.1,8567,7363,11.593,2372
RAW,281.4,8591,7373,11.496,2352
RAW,281.7,8612,7383,11.598,2373
RAW,281.9,8618,7383,11.720,2398
RAW,282.2,8639,7392,11.471,2347
RAW,282.4,8651,7395,11.486,2350
RAW,282.7,8673,7408,11.559,2365
RAW,283.0,8695,7410,11.510,2355
RAW,283.2,8697,7412,11.452,2343
RAW,283.5,8704,7406,11.623,2378
RAW,283.7,8692,7410,11.618,2377
RAW,284.0,8693,7409,11.525,2358
RAW,284.2,8697,7407,11.491,2351
RAW,284.5,8694,7410,11.652,2384
RAW,284.8,8697,7413,11.510,2355
RAW,285.0,8714,7411,11.496,2352
RAW,285.3,8716,7419,11.603,2374
RAW,285.5,8713,7413,11.637,2381
RAW,285.8,8714,7415,11.496,2352
RAW,286.1,8719,7415,11.652,2384
RAW,286.3,8722,7416,11.642,2382
RAW,286.6,8732,7417,11.481,2349
RAW,286.8,8730,7415,11.515,2356
RAW,287.1,8725,7417,11.647,2383
RAW,287.4,8727,7418,11.510,2355
RAW,287.6,8724,7415,11.486,2350
RAW,287.9,8731,7415,11.632,2380
RAW,288.1,8728,7417,11.667,2387
RAW,288.4,8730,7413,11.486,2350
RAW,288.6,8731,7415,11.515,2356
RAW,288.9,8730,7419,11.657,2385
RAW,289.2,8732,7415,11.500,2353
RAW,289.4,8730,7414,11.500,2353
RAW,289.7,8706,7401,11.623,2378
RAW,289.9,8653,7377,11.632,2380
RAW,290.2,8569,7342,11.496,2352
RAW,290.5,8561,7336,11.628,2379
RAW,290.7,8569,7344,11.652,2384
RAW,291.0,8587,7357,11.496,2352
RAW,291.2,8605,7360,11.530,2359
RAW,291.5,8624,7372,11.672,2388
RAW,291.7,8631,7375,11.652,2384
RAW,292.0,8647,7380,11.496,2352
RAW,292.3,8674,7390,11.652,2384
RAW,292.5,8677,7390,11.637,2381
RAW,292.8,8689,7395,11.574,2368
RAW,293.0,8688,7395,11.486,2350
RAW,293.3,8685,7389,11.662,2386
RAW,293.6,8684,7394,11.535,2360
RAW,293.8,8685,7392,11.496,2352
RAW,294.1,8687,7395,11.652,2384
RAW,294.3,8689,7395,11.647,2383
RAW,294.6,8704,7392,11.496,2352
RAW,294.9,8704,7401,11.652,2384
RAW,295.1,8705,7398,11.676,2389
RAW,295.4,8713,7400,11.530,2359
RAW,295.6,8713,7398,11.584,2370
RAW,295.9,8714,7393,11.652,2384
RAW,296.2,8716,7403,11.520,2357
RAW,296.4,8721,7404,11.496,2352
RAW,296.7,8721,7400,11.642,2382
RAW,296.9,8718,7404,11.662,2386
RAW,297.2,8717,7400,11.525,2358
RAW,297.4,8721,7399,11.496,2352
RAW,297.7,8717,7401,11.662,2386
RAW,298.0,8724,7398,11.510,2355
RAW,298.2,8721,7404,11.598,2373
RAW,298.5,8729,7404,11.652,2384
RAW,298.7,8727,7403,11.686,2391
RAW,299.0,8727,7408,11.525,2358
RAW,299.3,8733,7404,11.706,2395
RAW,299.5,8706,7390,11.657,2385
RAW,299.8,8617,7360,11.515,2356
RAW,300.0,8568,7342,11.496,2352
RAW,300.3,8550,7329,11.657,2385
RAW,300.6,8555,7340,11.505,2354
RAW,300.8,8580,7348,11.496,2352
RAW,301.1,8606,7356,11.662,2386
RAW,301.3,8611,7361,11.667,2387
RAW,301.6,8630,7369,11.530,2359
RAW,301.8,8638,7373,11.505,2354
RAW,302.1,8664,7387,11.735,2401
RAW,302.4,8681,7393,11.554,2364
RAW,302.6,8690,7391,11.579,2369
RAW,302.9,8692,7394,11.662,2386
RAW,303.1,8691,7397,11.686,2391
RAW,303.4,8682,7399,11.510,2355
RAW,303.7,8688,7398,11.716,2397
RAW,303.9,8689,7396,11.642,2382
RAW,304.2,8698,7397,11.500,2353
RAW,304.4,8697,7402,11.559,2365
RAW,304.7,8704,7401,11.657,2385
RAW,305.0,8706,7406,11.808,2416
RAW,305.2,8713,7400,11.500,2353
RAW,305.5,8717,7404,11.716,2397
RAW,305.8,8714,7393,11.496,2352
RAW,306.0,8722,7399,11.525,2358
RAW,306.3,8723,7405,11.706,2395
RAW,306.5,8723,7401,11.652,2384
RAW,306.8,8730,7409,11.569,2367
RAW,307.1,8735,7406,11.716,2397
RAW,307.3,8736,7403,11.662,2386
RAW,307.6,8731,7405,11.500,2353
RAW,307.8,8727,7414,11.520,2357
RAW,308.1,8733,7409,11.706,2395
RAW,308.3,8732,7404,11.760,2406
RAW,308.6,8690,7379,11.569,2367
RAW,308.9,8590,7339,11.686,2391
RAW,309.1,8543,7317,11.652,2384
RAW,309.4,8523,7313,11.525,2358
RAW,309.7,8549,7320,11.716,2397
RAW,309.9,8567,7334,11.681,2390
RAW,310.2,8585,7344,11.515,2356
RAW,310.4,8604,7345,11.530,2359
RAW,310.7,8626,7355,11.745,2403
RAW,310.9,8634,7362,11.686,2391
RAW,311.2,8665,7376,11.564,2366
RAW,311.5,8676,7381,11.750,2404
RAW,311.7,8685,7374,11.672,2388
RAW,312.0,8683,7379,11.510,2355
RAW,312.2,8676,7377,11.559,2365
RAW,312.5,8675,7374,11.701,2394
RAW,312.8,8677,7383,11.559,2365
RAW,313.0,8681,7377,11.549,2363
RAW,313.3,8687,7384,11.740,2402
RAW,313.5,8692,7376,11.696,2393
RAW,313.8,8700,7382,11.549,2363
RAW,314.1,8704,7381,11.711,2396
RAW,314.3,8706,7385,11.701,2394
RAW,314.6,8721,7382,11.520,2357
RAW,314.8,8709,7382,11.554,2364
RAW,315.1,8720,7383,11.696,2393
RAW,315.4,8722,7381,11.544,2362
RAW,315.6,8720,7390,11.466,2346
RAW,315.9,8718,7383,11.681,2390
RAW,316.1,8720,7388,11.711,2396
RAW,316.4,8720,7389,11.496,2352
RAW,316.6,8722,7387,11.520,2357
RAW,316.9,8725,7386,11.735,2401
RAW,317.2,8724,7383,11.491,2351
RAW,317.4,8719,7379,11.579,2369
RAW,317.7,8682,7355,11.716,2397
RAW,317.9,8608,7329,11.760,2406
RAW,318.2,8540,7296,11.530,2359
RAW,318.4,8517,7291,11.525,2358
RAW,318.7,8525,7295,11.735,2401
RAW,319.0,8543,7309,11.559,2365
RAW,319.2,8566,7318,11.525,2358
RAW,319.5,8585,7325,11.745,2403
RAW,319.7,8590,7331,11.774,2409
RAW,320.0,8608,7339,11.530,2359
RAW,320.3,8634,7348,11.720,2398
RAW,320.5,8650,7351,11.716,2397
RAW,320.8,8665,7355,11.500,2353
RAW,321.0,8665,7358,11.500,2353
RAW,321.3,8661,7352,11.716,2397
RAW,321.6,8663,7351,11.530,2359
RAW,321.8,8659,7353,11.525,2358
RAW,322.1,8674,7355,11.725,2399
RAW,322.3,8671,7359,11.740,2402
RAW,322.6,8678,7359,11.554,2364
RAW,322.9,8689,7363,11.711,2396
RAW,323.1,8688,7357,11.720,2398
RAW,323.4,8699,7366,11.564,2366
RAW,323.6,8701,7365,11.564,2366
RAW,323.9,8698,7360,11.745,2403
RAW,324.2,8699,7365,11.530,2359
RAW,324.4,8699,7365,11.574,2368
RAW,324.7,8707,7369,11.716,2397
RAW,325.0,8710,7365,11.471,2347
RAW,325.2,8714,7366,11.525,2358
RAW,325.5,8715,7362,11.935,2442
RAW,325.7,8713,7366,11.686,2391
RAW,326.0,8714,7367,11.564,2366
RAW,326.2,8715,7363,11.500,2353
RAW,326.5,8715,7367,11.725,2399
RAW,326.8,8711,7371,11.559,2365
RAW,327.0,8705,7360,11.647,2383
RAW,327.3,8629,7322,11.755,2405
RAW,327.5,8569,7295,11.760,2406
RAW,327.8,8503,7274,11.540,2361
RAW,328.0,8503,7271,11.530,2359
RAW,328.3,8515,7280,11.730,2400
RAW,328.6,8549,7286,11.515,2356
RAW,328.8,8559,7296,11.608,2375
RAW,329.1,8570,7301,11.686,2391
RAW,329.3,8583,7313,11.720,2398
RAW,329.6,8602,7317,11.510,2355
RAW,329.9,8633,7334,11.735,2401
RAW,330.1,8646,7336,11.725,2399
RAW,330.4,8651,7343,11.569,2367
RAW,330.7,8646,7339,11.676,2389
RAW,330.9,8653,7331,11.720,2398
RAW,331.2,8648,7334,11.510,2355
RAW,331.4,8648,7330,11.530,2359
RAW,331.7,8657,7335,11.652,2384
RAW,332.0,8657,7339,11.618,2377
RAW,332.2,8673,7341,11.593,2372
RAW,332.5,8675,7342,11.686,2391
RAW,332.8,8685,7344,11.559,2365
RAW,333.0,8686,7347,11.544,2362
RAW,333.3,8685,7347,11.706,2395
RAW,333.5,8687,7347,11.701,2394
RAW,333.8,8684,7347,11.588,2371
RAW,334.1,8692,7346,11.452,2343
RAW,334.3,8697,7344,11.706,2395
RAW,334.6,8695,7344,11.549,2363
RAW,334.8,8699,7347,11.579,2369
RAW,335.1,8698,7345,11.745,2403
RAW,335.4,8701,7345,11.549,2363
RAW,335.6,8699,7341,11.530,2359
RAW,335.9,8699,7346,11.720,2398
RAW,336.1,8699,7343,11.720,2398
RAW,336.4,8700,7346,11.544,2362
RAW,336.7,8700,7346,11.706,2395
RAW,336.9,8680,7338,11.725,2399
RAW,337.2,8599,7295,11.554,2364
RAW,337.4,8528,7265,11.584,2370
RAW,337.7,8489,7251,11.725,2399
RAW,337.9,8491,7254,11.750,2404
RAW,338.2,8519,7269,11.530,2359
RAW,338.5,8546,7282,11.725,2399
RAW,338.7,8563,7281,11.706,2395
RAW,339.0,8573,7288,11.574,2368
RAW,339.2,8580,7291,11.579,2369
RAW,339.5,8609,7310,11.760,2406
RAW,339.8,8635,7309,11.530,2359
RAW,340.0,8635,7313,11.520,2357
RAW,340.3,8643,7320,11.730,2400
RAW,340.5,8643,7316,11.745,2403
RAW,340.8,8635,7307,11.564,2366
RAW,341.1,8633,7309,11.760,2406
RAW,341.3,8639,7315,11.725,2399
RAW,341.6,8642,7319,11.574,2368
RAW,341.8,8652,7317,11.525,2358
RAW,342.1,8656,7323,11.720,2398
RAW,342.4,8665,7327,11.574,2368
RAW,342.6,8671,7320,11.549,2363
RAW,342.9,8672,7322,11.706,2395
RAW,343.1,8675,7328,11.701,2394
RAW,343.4,8677,7325,11.628,2379
RAW,343.7,8680,7328,11.652,2384
RAW,343.9,8683,7327,11.725,2399
RAW,344.2,8687,7327,11.588,2371
RAW,344.5,8688,7329,11.662,2386
RAW,344.7,8688,7335,11.711,2396
RAW,345.0,8685,7335,11.574,2368
RAW,345.3,8689,7330,11.696,2393
RAW,345.5,8693,7329,11.647,2383
RAW,345.8,8693,7335,11.544,2362
RAW,346.0,8692,7329,11.525,2358
RAW,346.3,8692,7328,11.686,2391
RAW,346.5,8687,7323,11.696,2393
RAW,346.8,8616,7297,11.598,2373
RAW,347.0,8515,7250,11.676,2389
RAW,347.3,8481,7234,11.696,2393
RAW,347.5,8487,7236,11.569,2367
RAW,347.8,8497,7248,11.510,2355
RAW,348.0,8527,7252,11.701,2394
RAW,348.4,8540,7270,11.584,2370
RAW,348.5,8565,7271,11.593,2372
RAW,348.9,8578,7280,11.764,2407
RAW,349.0,8587,7282,11.706,2395
RAW,349.4,8619,7294,11.598,2373
RAW,349.6,8634,7300,11.730,2400
RAW,349.9,8632,7305,11.706,2395
RAW,350.1,8635,7301,11.584,2370
RAW,350.5,8626,7295,11.652,2384
RAW,350.6,8629,7296,11.701,2394
RAW,351.0,8630,7297,11.628,2379
RAW,351.1,8637,7302,11.559,2365
RAW,351.5,8641,7309,11.667,2387
RAW,351.8,8646,7304,11.574,2368
RAW,352.0,8654,7305,11.574,2368
RAW,352.3,8656,7309,11.720,2398
RAW,352.5,8663,7304,11.730,2400
RAW,352.8,8667,7310,11.588,2371
RAW,353.0,8669,7311,11.676,2389
RAW,353.3,8669,7311,11.657,2385
RAW,353.5,8674,7318,11.603,2374
RAW,353.8,8676,7314,11.618,2377
RAW,354.0,8680,7316,11.735,2401
RAW,354.4,8676,7312,11.598,2373
RAW,354.5,8680,7318,11.618,2377
RAW,354.9,8686,7319,11.725,2399
RAW,355.1,8684,7315,11.662,2386
RAW,355.4,8681,7316,11.652,2384
RAW,355.6,8683,7316,11.662,2386
RAW,355.9,8682,7312,11.730,2400
RAW,356.1,8640,7294,11.574,2368
RAW,356.5,8543,7249,11.716,2397
RAW,356.6,8500,7230,11.750,2404
RAW,357.0,8483,7223,11.623,2378
RAW,357.1,8494,7234,11.579,2369
RAW,357.5,8515,7241,11.681,2390
RAW,357.8,8545,7248,11.564,2366
RAW,358.0,8557,7259,11.554,2364
RAW,358.3,8567,7266,11.681,2390
RAW,358.5,8582,7274,11.603,2374
RAW,358.8,8601,7277,11.564,2366
RAW,359.0,8617,7285,11.667,2387
RAW,359.3,8624,7283,11.740,2402
RAW,359.5,8627,7288,11.965,2448
RAW,359.8,8619,7287,11.574,2368
RAW,360.0,8613,7286,11.706,2395
RAW,360.4,8620,7277,11.574,2368
RAW,360.5,8623,7282,11.569,2367
RAW,360.9,8626,7286,11.667,2387
RAW,361.0,8631,7287,11.652,2384
RAW,361.4,8637,7287,11.584,2370
RAW,361.6,8650,7289,11.637,2381
RAW,361.9,8642,7294,11.672,2388
RAW,362.1,8649,7291,11.579,2369
RAW,362.4,8651,7297,11.603,2374
RAW,362.6,8653,7294,11.652,2384
RAW,363.0,8657,7295,11.637,2381
RAW,363.1,8655,7294,11.608,2375
RAW,363.5,8661,7300,11.681,2390
RAW,363.6,8657,7292,11.652,2384
RAW,364.0,8666,7294,11.593,2372
RAW,364.1,8663,7295,11.584,2370
RAW,364.5,8663,7286,11.657,2385
RAW,364.7,8659,7289,11.647,2383
RAW,365.0,8651,7281,11.706,2395
RAW,365.2,8577,7251,11.657,2385
RAW,365.5,8493,7214,11.574,2368
RAW,365.8,8463,7202,11.632,2380
RAW,366.0,8463,7210,11.760,2406
RAW,366.3,8492,7219,11.574,2368
RAW,366.5,8510,7227,11.408,2334
RAW,366.8,8531,7244,11.652,2384
RAW,367.1,8548,7243,11.623,2378
RAW,367.3,8562,7251,11.603,2374
RAW,367.6,8592,7262,11.637,2381
RAW,367.8,8593,7270,11.720,2398
RAW,368.1,8608,7269,11.608,2375
RAW,368.4,8608,7263,11.652,2384
RAW,368.6,8604,7266,11.686,2391
RAW,368.9,8600,7267,11.642,2382
RAW,369.1,8603,7259,11.642,2382
RAW,369.4,8600,7262,11.657,2385
RAW,369.7,8609,7275,11.642,2382
RAW,369.9,8618,7267,11.618,2377
RAW,370.2,8630,7270,11.686,2391
RAW,370.5,8634,7272,11.647,2383
RAW,370.7,8639,7273,11.657,2385
RAW,371.0,8641,7274,11.652,2384
RAW,371.3,8644,7277,11.623,2378
RAW,371.5,8644,7279,11.618,2377
RAW,371.8,8649,7282,11.647,2383
RAW,372.1,8649,7272,11.652,2384
RAW,372.3,8647,7276,11.657,2385
RAW,372.6,8651,7281,11.647,2383
RAW,372.9,8651,7280,11.603,2374
RAW,373.1,8651,7274,11.588,2371
RAW,373.4,8657,7275,11.642,2382
RAW,373.6,8652,7275,11.735,2401
RAW,373.9,8657,7272,11.681,2390
RAW,374.2,8610,7250,11.676,2389
RAW,374.4,8535,7221,11.808,2416
RAW,374.7,8451,7186,11.652,2384
RAW,374.9,8428,7174,11.647,2383
RAW,375.2,8436,7182,11.652,2384
RAW,375.5,8462,7199,11.667,2387
RAW,375.7,8481,7199,11.652,2384
RAW,376.0,8491,7209,11.676,2389
RAW,376.2,8499,7217,11.647,2383
RAW,376.5,8523,7219,11.652,2384
RAW,376.8,8550,7232,11.628,2379
RAW,377.0,8569,7239,11.642,2382
RAW,377.3,8581,7244,11.628,2379
RAW,377.5,8589,7242,11.642,2382
RAW,377.8,8582,7246,11.647,2383
RAW,378.1,8590,7242,11.652,2384
RAW,378.3,8583,7243,11.652,2384
RAW,378.6,8586,7246,11.642,2382
RAW,378.8,8594,7248,11.642,2382
RAW,379.1,8602,7252,11.652,2384
RAW,379.4,8608,7252,11.647,2383
RAW,379.6,8613,7257,11.598,2373
RAW,379.9,8627,7257,11.608,2375
RAW,380.2,8634,7262,11.588,2371
RAW,380.4,8624,7261,11.564,2366
RAW,380.7,8636,7260,11.598,2373
RAW,381.0,8637,7263,11.652,2384
RAW,381.2,8635,7264,11.598,2373
RAW,381.5,8638,7261,11.667,2387
RAW,381.7,8644,7261,11.642,2382
RAW,382.0,8647,7273,11.652,2384
RAW,382.3,8651,7268,11.628,2379
RAW,382.5,8653,7262,11.652,2384
RAW,382.8,8649,7271,11.647,2383
RAW,383.1,8651,7268,11.628,2379
RAW,383.3,8652,7268,11.652,2384
RAW,383.6,8636,7263,11.608,2375
RAW,383.9,8569,7222,11.647,2383
RAW,384.1,8485,7192,11.667,2387
RAW,384.4,8408,7155,11.667,2387
RAW,384.7,8398,7157,11.667,2387
RAW,384.9,8421,7162,11.696,2393
RAW,385.2,8439,7178,11.804,2415
RAW,385.4,8466,7180,11.652,2384
RAW,385.7,8484,7188,11.696,2393
RAW,386.0,8496,7193,11.632,2380
RAW,386.2,8514,7210,11.667,2387
RAW,386.5,8536,7218,11.999,2455
RAW,386.7,8555,7227,11.701,2394
RAW,387.0,8567,7231,11.662,2386
RAW,387.3,8565,7219,11.730,2400
RAW,387.5,8563,7227,11.676,2389
RAW,387.8,8562,7220,11.603,2374
RAW,388.1,8567,7227,11.735,2401
RAW,388.3,8569,7226,11.745,2403
RAW,388.6,8582,7230,11.662,2386
RAW,388.9,8594,7237,11.755,2405
RAW,389.1,8597,7246,11.696,2393
RAW,389.4,8601,7248,11.652,2384
RAW,389.6,8610,7243,11.628,2379
RAW,389.9,8616,7247,11.735,2401
RAW,390.2,8615,7241,11.652,2384
RAW,390.4,8616,7246,11.652,2384
RAW,390.7,8624,7247,11.740,2402
RAW,390.9,8629,7249,11.735,2401
RAW,391.2,8634,7246,11.672,2388
RAW,391.5,8639,7252,11.735,2401
RAW,391.7,8640,7247,11.760,2406
RAW,392.0,8640,7251,11.662,2386
RAW,392.3,8639,7256,11.740,2402
RAW,392.5,8651,7257,11.706,2395
RAW,392.8,8646,7250,11.652,2384
RAW,393.0,8647,7257,11.662,2386
RAW,393.3,8636,7248,11.740,2402
RAW,393.6,8557,7202,11.647,2383
RAW,393.8,8465,7168,11.652,2384
RAW,394.1,8389,7132,11.784,2411
RAW,394.3,8377,7136,11.784,2411
RAW,394.6,8407,7146,11.676,2389
RAW,394.9,8439,7159,11.745,2403
RAW,395.1,8458,7168,11.740,2402
RAW,395.4,8473,7178,11.647,2383
RAW,395.6,8488,7181,11.628,2379
RAW,395.9,8504,7189,11.755,2405
RAW,396.2,8536,7204,11.657,2385
RAW,396.4,8549,7210,11.652,2384
RAW,396.7,8561,7212,11.784,2411
RAW,397.0,8552,7210,11.701,2394
RAW,397.2,8551,7211,11.657,2385
RAW,397.5,8563,7206,11.808,2416
RAW,397.8,8559,7212,11.686,2391
RAW,398.0,8563,7213,11.657,2385
RAW,398.3,8574,7214,11.764,2407
RAW,398.6,8585,7223,11.618,2377
RAW,398.8,8587,7222,11.657,2385
RAW,399.1,8594,7231,11.808,2416
RAW,399.3,8602,7233,11.750,2404
RAW,399.6,8612,7230,11.647,2383
RAW,399.9,8614,7232,11.808,2416
RAW,400.1,8617,7233,11.823,2419
RAW,400.4,8629,7241,11.686,2391
RAW,400.6,8630,7235,11.652,2384
RAW,400.9,8630,7235,11.808,2416
RAW,401.2,8632,7239,11.706,2395
RAW,401.4,8631,7238,11.696,2393
RAW,401.7,8635,7240,11.711,2396
RAW,402.0,8637,7246,11.647,2383
RAW,402.2,8632,7237,11.672,2388
RAW,402.5,8636,7239,11.794,2413
RAW,402.8,8634,7235,11.696,2393
RAW,403.0,8602,7225,11.706,2395
RAW,403.3,8478,7159,11.808,2416
RAW,403.6,8381,7121,11.681,2390
RAW,403.8,8354,7115,11.686,2391
RAW,404.1,8388,7133,11.808,2416
RAW,404.3,8408,7142,11.808,2416
RAW,404.6,8444,7156,11.652,2384
RAW,404.9,8466,7166,11.799,2414
RAW,405.1,8472,7167,11.794,2413
RAW,405.4,8506,7178,11.652,2384
RAW,405.7,8534,7196,11.808,2416
RAW,405.9,8549,7193,11.794,2413
RAW,406.2,8553,7200,11.652,2384
RAW,406.5,8550,7196,11.779,2410
RAW,406.7,8549,7194,11.813,2417
RAW,407.0,8545,7195,11.676,2389
RAW,407.2,8553,7197,11.672,2388
RAW,407.5,8559,7204,11.808,2416
RAW,407.8,8561,7204,11.676,2389
RAW,408.0,8563,7198,11.774,2409
RAW,408.3,8583,7211,11.843,2423
RAW,408.5,8587,7212,11.818,2418
RAW,408.8,8598,7212,11.662,2386
RAW,409.1,8602,7214,11.808,2416
RAW,409.3,8611,7217,11.804,2415
RAW,409.6,8615,7216,11.667,2387
RAW,409.8,8613,7228,11.588,2371
RAW,410.1,8621,7219,11.852,2425
RAW,410.4,8623,7223,11.672,2388
RAW,410.6,8626,7223,11.657,2385
RAW,410.9,8621,7226,11.813,2417
RAW,411.1,8630,7220,11.833,2421
RAW,411.4,8627,7222,11.716,2397
RAW,411.7,8627,7223,11.818,2418
RAW,411.9,8614,7212,11.872,2429
RAW,412.2,8504,7167,11.652,2384
RAW,412.4,8425,7127,11.623,2378
RAW,412.7,8356,7097,11.818,2418
RAW,413.0,8361,7103,11.720,2398
RAW,413.2,8386,7115,11.676,2389
RAW,413.5,8425,7131,11.823,2419
RAW,413.8,8449,7145,11.667,2387
RAW,414.0,8451,7150,11.681,2390
RAW,414.3,8478,7160,11.823,2419
RAW,414.5,8499,7167,11.833,2421
RAW,414.8,8527,7174,11.716,2397
RAW,415.0,8539,7185,11.745,2403
RAW,415.3,8540,7182,11.852,2425
RAW,415.6,8538,7179,11.667,2387
RAW,415.8,8538,7176,11.701,2394
RAW,416.1,8544,7180,11.823,2419
RAW,416.3,8540,7186,11.838,2422
RAW,416.6,8550,7184,11.701,2394
RAW,416.9,8564,7190,11.838,2422
RAW,417.1,8569,7195,11.828,2420
RAW,417.4,8575,7197,11.686,2391
RAW,417.7,8582,7200,11.823,2419
RAW,417.9,8586,7198,11.882,2431
RAW,418.2,8591,7199,11.686,2391
RAW,418.5,8596,7213,11.867,2428
RAW,418.7,8604,7206,11.838,2422
RAW,419.0,8609,7212,11.686,2391
RAW,419.3,8610,7207,11.872,2429
RAW,419.5,8605,7205,11.891,2433
RAW,419.8,8616,7212,11.657,2385
RAW,420.0,8613,7207,11.794,2413
RAW,420.3,8610,7208,11.872,2429
RAW,420.6,8622,7212,11.730,2400
RAW,420.9,8614,7206,11.872,2429
RAW,421.1,8614,7208,11.823,2419
RAW,421.4,8618,7209,11.745,2403
RAW,421.6,8580,7192,11.706,2395
RAW,421.9,8464,7136,11.862,2427
RAW,422.2,8370,7097,11.667,2387
RAW,422.4,8339,7084,11.706,2395
RAW,422.7,8357,7096,11.867,2428
RAW,422.9,8382,7109,11.916,2438
RAW,423.2,8428,7123,11.750,2404
RAW,423.5,8444,7133,11.891,2433
RAW,423.7,8451,7137,11.891,2433
RAW,424.0,8474,7149,11.740,2402
RAW,424.2,8493,7153,11.706,2395
RAW,424.5,8516,7164,11.916,2438
RAW,424.8,8535,7171,11.672,2388
RAW,425.1,8536,7175,11.891,2433
RAW,425.3,8530,7169,11.862,2427
RAW,425.6,8534,7168,11.706,2395
RAW,425.9,8538,7168,11.896,2434
RAW,426.1,8537,7176,11.882,2431
RAW,426.4,8546,7173,11.716,2397
RAW,426.6,8547,7171,11.681,2390
RAW,426.9,8559,7184,11.882,2431
RAW,427.2,8572,7186,11.686,2391
RAW,427.4,8574,7187,11.725,2399
RAW,427.7,8584,7194,11.901,2435
RAW,427.9,8584,7191,11.896,2434
RAW,428.2,8588,7193,11.740,2402
RAW,428.5,8598,7196,11.867,2428
RAW,428.7,8594,7197,11.965,2448
RAW,429.0,8605,7202,11.706,2395
RAW,429.2,8604,7195,11.657,2385
RAW,429.5,8603,7192,11.896,2434
RAW,429.7,8613,7197,12.077,2471
RAW,430.0,8604,7196,11.745,2403
RAW,430.3,8602,7200,11.896,2434
RAW,430.5,8605,7193,11.872,2429
RAW,430.8,8610,7197,11.681,2390
RAW,431.1,8607,7198,11.891,2433
RAW,431.3,8610,7197,11.872,2429
RAW,431.6,8550,7164,11.779,2410
RAW,431.8,8471,7125,11.755,2405
RAW,432.1,8366,7082,11.887,2432
RAW,432.4,8341,7076,11.745,2403
RAW,432.6,8357,7088,11.701,2394
RAW,432.9,8400,7104,11.911,2437
RAW,433.1,8414,7112,11.896,2434
RAW,433.4,8436,7121,11.676,2389
RAW,433.7,8457,7129,11.891,2433
RAW,433.9,8470,7137,11.911,2437
RAW,434.2,8504,7152,11.676,2389
RAW,434.5,8514,7156,11.848,2424
RAW,434.7,8528,7164,11.940,2443
RAW,435.0,8528,7152,11.730,2400
RAW,435.3,8525,7159,11.887,2432
RAW,435.5,8524,7158,11.882,2431
RAW,435.8,8530,7156,11.755,2405
RAW,436.1,8536,7159,11.906,2436
RAW,436.3,8548,7164,11.867,2428
RAW,436.6,8548,7168,11.764,2407
RAW,436.9,8558,7166,11.887,2432
RAW,437.1,8565,7167,11.891,2433
RAW,437.4,8576,7184,11.696,2393
RAW,437.6,8578,7179,11.686,2391
RAW,437.9,8585,7178,11.882,2431
RAW,438.2,8591,7185,11.720,2398
RAW,438.5,8592,7182,11.887,2432
RAW,438.7,8591,7181,11.882,2431
RAW,439.0,8589,7180,11.725,2399
RAW,439.2,8600,7181,11.716,2397
RAW,439.5,8600,7183,11.882,2431
RAW,439.8,8602,7180,11.706,2395
RAW,440.0,8601,7186,11.725,2399
RAW,440.3,8603,7183,11.867,2428
RAW,440.6,8607,7188,11.725,2399
RAW,440.8,8601,7182,11.720,2398
RAW,441.1,8604,7178,11.877,2430
RAW,441.4,8602,7179,11.657,2385
RAW,441.7,8541,7144,11.872,2429
RAW,441.9,8456,7110,11.882,2431
RAW,442.2,8374,7083,11.686,2391
RAW,442.4,8353,7066,11.711,2396
RAW,442.7,8369,7082,11.877,2430
RAW,443.0,8405,7101,11.686,2391
RAW,443.2,8430,7102,11.681,2390
RAW,443.5,8453,7119,11.877,2430
RAW,443.7,8466,7116,11.882,2431
RAW,444.0,8485,7133,11.760,2406
RAW,444.3,8508,7137,11.843,2423
RAW,444.5,8518,7146,11.950,2445
RAW,444.8,8533,7152,11.686,2391
RAW,445.1,8532,7152,11.833,2421
RAW,445.3,8524,7141,11.887,2432
RAW,445.6,8523,7145,11.716,2397
RAW,445.8,8528,7143,11.686,2391
RAW,446.1,8529,7144,11.833,2421
RAW,446.4,8542,7153,11.696,2393
RAW,446.6,8542,7157,11.686,2391
RAW,446.9,8550,7156,11.891,2433
RAW,447.1,8565,7161,11.857,2426
RAW,447.4,8570,7166,11.716,2397
RAW,447.7,8586,7165,11.867,2428
RAW,447.9,8580,7172,11.857,2426
RAW,448.2,8593,7173,11.686,2391
RAW,448.4,8589,7174,11.701,2394
RAW,448.7,8593,7175,11.843,2423
RAW,449.0,8594,7180,11.735,2401
RAW,449.2,8605,7176,11.755,2405
RAW,449.5,8597,7178,11.877,2430
RAW,449.8,8602,7174,11.720,2398
RAW,450.1,8605,7175,11.843,2423
RAW,450.3,8601,7172,11.862,2427
RAW,450.6,8609,7178,11.696,2393
RAW,450.8,8606,7176,11.720,2398
RAW,451.1,8612,7177,11.882,2431
RAW,451.4,8552,7144,11.701,2394
RAW,451.6,8473,7109,11.755,2405
RAW,451.9,8382,7081,11.843,2423
RAW,452.1,8369,7072,11.867,2428
RAW,452.4,8393,7082,11.716,2397
RAW,452.7,8423,7096,11.808,2416
RAW,452.9,8443,7106,11.882,2431
RAW,453.2,8466,7118,11.735,2401
RAW,453.5,8483,7125,11.857,2426
RAW,453.7,8498,7129,11.867,2428
RAW,454.0,8519,7132,11.706,2395
RAW,454.3,8534,7144,11.882,2431
RAW,454.6,8544,7147,11.755,2405
RAW,454.8,8536,7142,11.764,2407
RAW,455.1,8527,7142,11.838,2422
RAW,455.4,8530,7145,11.725,2399
RAW,455.6,8532,7146,11.745,2403
RAW,455.9,8537,7149,11.862,2427
RAW,456.2,8552,7150,11.725,2399
RAW,456.4,8557,7143,11.735,2401
RAW,456.7,8565,7151,11.887,2432
RAW,457.0,8570,7155,11.730,2400
RAW,457.2,8573,7153,11.877,2430
RAW,457.5,8579,7159,11.862,2427
RAW,457.8,8581,7155,11.725,2399
RAW,458.0,8587,7162,11.808,2416
RAW,458.3,8595,7161,11.823,2419
RAW,458.6,8594,7166,11.740,2402
RAW,458.8,8591,7160,11.740,2402
RAW,459.1,8601,7160,11.833,2421
RAW,459.4,8593,7166,11.730,2400
RAW,459.7,8594,7157,11.808,2416
RAW,459.9,8597,7159,11.833,2421
RAW,460.2,8598,7162,11.784,2411
RAW,460.5,8560,7142,11.823,2419
RAW,460.7,8489,7107,11.804,2415
RAW,461.0,8397,7069,11.764,2407
RAW,461.2,8367,7056,11.740,2402
RAW,461.5,8378,7062,11.745,2403
RAW,461.8,8409,7082,11.755,2405
RAW,462.0,8434,7088,11.745,2403
RAW,462.3,8446,7092,11.833,2421
RAW,462.6,8467,7103,11.750,2404
RAW,462.8,8476,7109,11.755,2405
RAW,463.1,8508,7117,11.823,2419
RAW,463.3,8522,7122,11.828,2420
RAW,463.6,8536,7131,11.784,2411
RAW,463.9,8536,7130,11.833,2421
RAW,464.1,8530,7132,11.804,2415
RAW,464.4,8534,7129,11.716,2397
RAW,464.7,8524,7123,11.833,2421
RAW,464.9,8530,7132,11.813,2417
RAW,465.2,8545,7136,11.804,2415
RAW,465.4,8543,7132,11.745,2403
RAW,465.7,8558,7140,11.838,2422
RAW,466.0,8565,7139,11.794,2413
RAW,466.2,8564,7141,11.808,2416
RAW,466.5,8568,7147,11.804,2415
RAW,466.7,8568,7145,11.818,2418
RAW,467.0,8578,7152,11.784,2411
RAW,467.3,8578,7146,11.808,2416
RAW,467.5,8581,7145,11.838,2422
RAW,467.8,8584,7150,11.686,2391
RAW,468.0,8582,7149,11.774,2409
RAW,468.3,8583,7145,11.823,2419
RAW,468.6,8583,7149,11.808,2416
RAW,468.8,8588,7149,11.804,2415
RAW,469.1,8589,7149,11.808,2416
RAW,469.4,8591,7147,11.725,2399
RAW,469.6,8587,7143,11.730,2400
RAW,469.9,8547,7124,11.808,2416
RAW,470.2,8439,7072,11.740,2402
RAW,470.5,8362,7048,11.760,2406
RAW,470.7,8355,7044,11.804,2415
RAW,471.0,8381,7054,11.745,2403
RAW,471.3,8416,7070,11.838,2422
RAW,471.5,8425,7077,11.804,2415
RAW,471.8,8447,7087,11.774,2409
RAW,472.0,8447,7086,11.989,2453
RAW,472.3,8473,7095,11.808,2416
RAW,472.6,8502,7107,11.862,2427
RAW,472.8,8510,7111,11.764,2407
RAW,473.1,8524,7114,11.808,2416
RAW,473.4,8522,7116,11.764,2407
RAW,473.7,8511,7112,11.794,2413
RAW,473.9,8508,7109,11.794,2413
RAW,474.2,8513,7110,11.804,2415
RAW,474.4,8519,7117,11.808,2416
RAW,474.7,8528,7117,11.852,2425
RAW,475.0,8547,7127,11.799,2414
RAW,475.3,8552,7134,11.789,2412
RAW,475.5,8555,7125,11.794,2413
RAW,475.8,8559,7125,11.760,2406
RAW,476.1,8565,7133,11.779,2410
RAW,476.3,8566,7134,11.794,2413
RAW,476.6,8569,7135,11.774,2409
RAW,476.9,8578,7131,11.808,2416
RAW,477.1,8576,7134,11.794,2413
RAW,477.4,8587,7139,11.779,2410
RAW,477.6,8579,7140,11.735,2401
RAW,477.9,8585,7144,11.799,2414
RAW,478.2,8585,7139,11.799,2414
RAW,478.4,8586,7138,11.784,2411
RAW,478.7,8594,7144,11.808,2416
RAW,479.0,8592,7138,11.857,2426
RAW,479.2,8581,7131,11.808,2416
RAW,479.5,8498,7092,11.794,2413
RAW,479.7,8407,7052,11.799,2414
RAW,480.0,8325,7021,11.838,2422
RAW,480.3,8312,7017,11.794,2413
RAW,480.5,8334,7031,11.725,2399
RAW,480.8,8370,7051,11.862,2427
RAW,481.0,8392,7052,11.862,2427
RAW,481.3,8408,7065,11.808,2416
RAW,481.6,8429,7075,11.696,2393
RAW,481.8,8436,7077,11.823,2419
RAW,482.1,8466,7084,11.784,2411
RAW,482.3,8486,7096,11.784,2411
RAW,482.6,8496,7098,11.813,2417
RAW,482.9,8493,7092,11.784,2411
RAW,483.2,8484,7091,11.872,2429
RAW,483.4,8483,7092,11.818,2418
RAW,483.7,8491,7091,11.789,2412
RAW,484.0,8503,7099,11.823,2419
RAW,484.2,8511,7103,11.833,2421
RAW,484.5,8520,7106,11.760,2406
RAW,484.7,8530,7110,11.799,2414
RAW,485.0,8536,7111,11.921,2439
RAW,485.3,8540,7111,11.774,2409
RAW,485.5,8553,7117,11.730,2400
RAW,485.8,8557,7115,11.784,2411
RAW,486.1,8563,7118,11.784,2411
RAW,486.3,8566,7120,11.667,2387
RAW,486.6,8565,7120,11.818,2418
RAW,486.9,8566,7125,11.774,2409
RAW,487.1,8569,7123,11.784,2411
RAW,487.4,8576,7124,11.823,2419
RAW,487.7,8575,7126,11.799,2414
RAW,487.9,8575,7131,11.750,2404
RAW,488.2,8575,7134,11.852,2425
RAW,488.5,8569,7122,11.760,2406
RAW,488.7,8524,7101,11.764,2407
RAW,489.0,8396,7043,11.887,2432
RAW,489.3,8305,7002,11.745,2403
RAW,489.5,8288,6993,11.760,2406
RAW,489.8,8307,7006,11.823,2419
RAW,490.1,8339,7020,11.745,2403
RAW,490.3,8365,7035,11.745,2403
RAW,490.6,8384,7042,11.857,2426
RAW,490.9,8404,7054,11.774,2409
RAW,491.1,8425,7058,11.760,2406
RAW,491.4,8458,7069,11.882,2431
RAW,491.7,8470,7080,11.784,2411
RAW,491.9,8466,7077,11.745,2403
RAW,492.2,8470,7083,11.901,2435
RAW,492.5,8464,7078,11.774,2409
RAW,492.7,8468,7076,11.764,2407
RAW,493.0,8471,7087,11.877,2430
RAW,493.3,8474,7079,11.764,2407
RAW,493.6,8493,7088,11.891,2433
RAW,493.8,8501,7087,11.877,2430
RAW,494.1,8516,7097,11.779,2410
RAW,494.4,8519,7098,11.882,2431
RAW,494.6,8521,7099,11.896,2434
RAW,494.9,8527,7100,11.799,2414
RAW,495.2,8540,7108,11.940,2443
RAW,495.4,8535,7103,11.896,2434
RAW,495.7,8542,7107,11.774,2409
RAW,496.0,8551,7113,11.882,2431
RAW,496.2,8545,7114,11.862,2427
RAW,496.5,8554,7114,11.774,2409
RAW,496.7,8557,7111,11.808,2416
RAW,497.0,8559,7113,11.882,2431
RAW,497.3,8563,7114,11.784,2411
RAW,497.5,8540,7097,11.808,2416
RAW,497.8,8436,7046,11.940,2443
RAW,498.0,8349,7014,11.931,2441
RAW,498.3,8274,6980,11.755,2405
RAW,498.6,8279,6988,11.872,2429
RAW,498.8,8297,6997,11.906,2436
RAW,499.1,8341,7016,11.789,2412
RAW,499.3,8357,7025,11.784,2411
RAW,499.6,8381,7031,11.960,2447
RAW,499.9,8405,7042,11.760,2406
RAW,500.1,8427,7047,11.774,2409
RAW,500.4,8456,7060,11.950,2445
RAW,500.7,8461,7065,11.730,2400
RAW,501.0,8466,7067,11.867,2428
RAW,501.2,8458,7065,11.901,2435
RAW,501.5,8464,7064,11.808,2416
RAW,501.7,8464,7066,11.784,2411
RAW,502.0,8469,7071,11.887,2432
RAW,502.3,8474,7070,11.779,2410
RAW,502.6,8485,7079,12.067,2469
RAW,502.8,8490,7082,11.901,2435
RAW,503.1,8501,7085,11.808,2416
RAW,503.4,8515,7089,11.921,2439
RAW,503.6,8523,7093,11.931,2441
RAW,503.9,8526,7091,11.764,2407
RAW,504.2,8538,7091,11.906,2436
RAW,504.4,8531,7098,11.901,2435
RAW,504.7,8541,7098,11.808,2416
RAW,505.0,8551,7100,11.950,2445
RAW,505.2,8542,7097,11.901,2435
RAW,505.5,8551,7102,11.794,2413
RAW,505.8,8558,7101,12.209,2498
RAW,506.1,8542,7097,11.818,2418
RAW,506.3,8495,7066,11.764,2407
RAW,506.6,8352,7005,11.931,2441
RAW,506.9,8253,6957,11.808,2416
RAW,507.1,8233,6954,11.745,2403
RAW,507.4,8259,6970,11.877,2430
RAW,507.6,8281,6980,11.891,2433
RAW,507.9,8320,6999,11.794,2413
RAW,508.2,8351,7004,11.926,2440
RAW,508.5,8368,7013,11.750,2404
RAW,508.7,8386,7024,11.760,2406
RAW,509.0,8422,7040,11.911,2437
RAW,509.3,8441,7048,11.794,2413
RAW,509.5,8440,7049,11.804,2415
RAW,509.8,8439,7052,11.882,2431
RAW,510.1,8439,7044,11.745,2403
RAW,510.3,8440,7051,11.716,2397
RAW,510.6,8447,7049,11.891,2433
RAW,510.9,8454,7055,11.750,2404
RAW,511.1,8467,7060,11.760,2406
RAW,511.4,8473,7062,11.901,2435
RAW,511.7,8484,7061,11.764,2407
RAW,512.0,8498,7069,11.955,2446
RAW,512.2,8496,7070,11.955,2446
RAW,512.5,8502,7073,11.813,2417
RAW,512.7,8510,7068,11.750,2404
RAW,513.0,8518,7080,11.872,2429
RAW,513.3,8524,7080,11.760,2406
RAW,513.5,8530,7084,11.779,2410
RAW,513.8,8524,7086,11.935,2442
RAW,514.0,8534,7085,11.911,2437
RAW,514.3,8539,7087,11.804,2415
RAW,514.6,8538,7084,11.911,2437
RAW,514.8,8543,7087,11.940,2443
RAW,515.1,8541,7093,11.725,2399
RAW,515.3,8532,7079,11.779,2410
RAW,515.6,8426,7024,11.955,2446
RAW,515.9,8288,6962,11.735,2401
RAW,516.1,8233,6944,11.760,2406
RAW,516.4,8226,6945,11.950,2445
RAW,516.6,8237,6953,11.887,2432
RAW,516.9,8277,6968,11.735,2401
RAW,517.2,8311,6980,11.979,2451
RAW,517.4,8326,6987,11.911,2437
RAW,517.7,8343,6998,11.808,2416
RAW,518.0,8375,7008,11.911,2437
RAW,518.2,8403,7022,11.945,2444
RAW,518.5,8432,7030,11.764,2407
RAW,518.8,8437,7040,11.901,2435
RAW,519.0,8437,7032,11.901,2435
RAW,519.3,8436,7029,11.784,2411
RAW,519.6,8433,7038,11.960,2447
RAW,519.8,8437,7035,11.896,2434
RAW,520.1,8445,7039,11.760,2406
RAW,520.4,8464,7044,11.818,2418
RAW,520.6,8464,7050,11.852,2425
RAW,520.9,8475,7054,11.750,2404
RAW,521.2,8490,7062,11.921,2439
RAW,521.4,8498,7063,11.911,2437
RAW,521.7,8506,7067,11.750,2404
RAW,522.0,8509,7067,11.940,2443
RAW,522.2,8517,7068,11.901,2435
RAW,522.5,8517,7076,11.745,2403
RAW,522.8,8527,7073,11.911,2437
RAW,523.0,8531,7075,11.955,2446
RAW,523.3,8535,7078,11.735,2401
RAW,523.6,8547,7083,11.950,2445
RAW,523.8,8541,7077,11.764,2407
RAW,524.1,8542,7084,11.725,2399
RAW,524.4,8552,7086,11.945,2444
RAW,524.7,8541,7083,11.764,2407
RAW,524.9,8512,7063,11.774,2409
RAW,525.2,8381,7003,11.935,2442
RAW,525.5,8260,6949,11.808,2416
RAW,525.7,8239,6939,11.916,2438
RAW,526.0,8248,6944,11.935,2442
RAW,526.2,8294,6963,11.760,2406
RAW,526.5,8319,6977,11.818,2418
RAW,526.7,8350,6994,11.960,2447
RAW,527.0,8365,7005,11.784,2411
RAW,527.2,8386,7009,11.818,2418
RAW,527.5,8408,7021,11.940,2443
RAW,527.8,8435,7033,11.730,2400
RAW,528.0,8440,7034,11.779,2410
RAW,528.3,8436,7033,11.965,2448
RAW,528.7,8436,7035,11.808,2416
RAW,528.8,8438,7034,11.784,2411
RAW,529.2,8445,7036,11.960,2447
RAW,529.5,8449,7041,11.755,2405
RAW,529.7,8465,7043,11.818,2418
RAW,530.0,8470,7051,11.965,2448
RAW,530.2,8480,7053,11.852,2425
RAW,530.5,8487,7054,12.014,2458
RAW,530.7,8491,7063,11.955,2446
RAW,531.0,8498,7057,11.779,2410
RAW,531.3,8509,7066,11.965,2448
RAW,531.5,8507,7064,11.931,2441
RAW,531.8,8515,7068,11.955,2446
RAW,532.2,8523,7075,11.965,2448
RAW,532.3,8529,7068,11.965,2448
RAW,532.7,8526,7077,11.838,2422
RAW,533.0,8546,7074,11.940,2443
RAW,533.2,8541,7073,11.989,2453
RAW,533.5,8539,7076,11.799,2414
RAW,533.7,8545,7064,11.799,2414
RAW,534.0,8457,7037,11.838,2422
RAW,534.2,8332,6975,11.808,2416
RAW,534.5,8270,6954,11.779,2410
RAW,534.7,8255,6946,11.921,2439
RAW,535.0,8258,6952,11.931,2441
RAW,535.2,8312,6971,11.799,2414
RAW,535.5,8352,6989,11.945,2444
RAW,535.7,8375,6997,11.940,2443
RAW,536.0,8390,7005,11.764,2407
RAW,536.3,8415,7019,11.945,2444
RAW,536.5,8435,7022,11.975,2450
RAW,536.8,8452,7033,11.760,2406
RAW,537.0,8458,7030,11.784,2411
RAW,537.3,8454,7031,11.935,2442
RAW,537.7,8448,7030,11.808,2416
RAW,537.8,8453,7033,11.755,2405
RAW,538.2,8453,7033,11.867,2428
RAW,538.5,8462,7036,11.750,2404
RAW,538.7,8475,7041,11.789,2412
RAW,539.0,8485,7040,11.965,2448
RAW,539.2,8493,7050,11.730,2400
RAW,539.5,8504,7049,11.901,2435
RAW,539.7,8501,7052,11.921,2439
RAW,540.0,8522,7058,11.804,2415
RAW,540.3,8517,7059,11.887,2432
RAW,540.5,8527,7061,11.965,2448
RAW,540.8,8529,7057,11.750,2404
RAW,541.2,8532,7065,11.901,2435
RAW,541.3,8536,7067,11.975,2450
RAW,541.7,8533,7062,11.784,2411
RAW,542.0,8539,7064,11.950,2445
RAW,542.2,8549,7062,11.764,2407
RAW,542.5,8541,7063,11.764,2407
RAW,542.7,8515,7046,11.877,2430
RAW,543.0,8387,6986,11.784,2411
RAW,543.2,8311,6953,11.764,2407
RAW,543.5,8255,6932,11.931,2441
RAW,543.8,8277,6945,11.760,2406
RAW,544.0,8291,6956,11.799,2414
RAW,544.3,8335,6973,11.901,2435
RAW,544.6,8360,6982,11.745,2403
RAW,544.8,8374,6989,11.720,2398
RAW,545.1,8393,6996,11.896,2434
RAW,545.4,8426,7010,11.779,2410
RAW,545.6,8449,7017,11.779,2410
RAW,545.9,8457,7026,11.891,2433
RAW,546.2,8454,7027,11.755,2405
RAW,546.4,8453,7022,11.764,2407
RAW,546.7,8450,7017,11.887,2432
RAW,547.0,8461,7024,11.808,2416
RAW,547.2,8455,7021,11.745,2403
RAW,547.5,8469,7028,11.891,2433
RAW,547.8,8480,7032,11.740,2402
RAW,548.0,8485,7037,11.716,2397
RAW,548.3,8500,7043,11.882,2431
RAW,548.6,8507,7052,11.764,2407
RAW,548.9,8511,7044,11.882,2431
RAW,549.1,8515,7048,11.921,2439
RAW,549.4,8529,7048,11.774,2409
RAW,549.6,8521,7051,11.735,2401
RAW,549.9,8533,7058,11.911,2437
RAW,550.2,8524,7053,11.745,2403
RAW,550.4,8537,7057,11.784,2411
RAW,550.7,8538,7054,11.838,2422
RAW,551.0,8535,7052,11.784,2411
RAW,551.2,8535,7050,11.789,2412
RAW,551.5,8541,7057,11.862,2427
RAW,551.8,8541,7050,11.804,2415
RAW,552.1,8539,7051,11.882,2431
RAW,552.3,8494,7026,11.896,2434
RAW,552.6,8367,6969,11.755,2405
RAW,552.9,8274,6932,11.848,2424
RAW,553.1,8262,6930,11.862,2427
RAW,553.4,8285,6943,11.769,2408
RAW,553.6,8317,6960,11.804,2415
RAW,553.9,8350,6974,11.872,2429
RAW,554.2,8374,6982,11.833,2421
RAW,554.4,8383,6982,11.755,2405
RAW,554.7,8407,6994,11.911,2437
RAW,554.9,8420,7001,11.882,2431
RAW,555.2,8449,7012,11.808,2416
RAW,555.5,8461,7021,11.891,2433
RAW,555.8,8456,7024,11.838,2422
RAW,556.0,8457,7016,11.799,2414
RAW,556.3,8456,7018,11.882,2431
RAW,556.6,8462,7014,11.799,2414
RAW,556.9,8471,7020,11.940,2443
RAW,557.1,8482,7022,11.984,2452
RAW,557.4,8480,7027,11.843,2423
RAW,557.6,8495,7032,11.745,2403
RAW,557.9,8505,7031,11.877,2430
RAW,558.2,8506,7039,11.823,2419
RAW,558.4,8511,7042,11.774,2409
RAW,558.7,8515,7041,11.891,2433
RAW,559.0,8521,7047,11.764,2407
RAW,559.2,8526,7047,11.808,2416
RAW,559.5,8525,7040,11.901,2435
RAW,559.8,8530,7047,11.804,2415
RAW,560.1,8537,7051,11.896,2434
RAW,560.3,8530,7049,11.896,2434
RAW,560.6,8540,7046,11.808,2416
RAW,560.9,8536,7044,11.891,2433
RAW,561.1,8538,7046,11.887,2432
RAW,561.4,8536,7046,11.764,2407
RAW,561.7,8543,7044,11.823,2419
RAW,562.0,8550,7050,11.808,2416
RAW,562.2,8539,7042,11.808,2416
RAW,562.5,8471,7008,11.916,2438
RAW,562.8,8345,6962,11.784,2411
RAW,563.0,8300,6933,11.843,2423
RAW,563.3,8291,6936,11.891,2433
RAW,563.6,8324,6954,11.921,2439
RAW,563.8,8352,6966,11.779,2410
RAW,564.1,8373,6974,11.916,2438
RAW,564.4,8384,6983,11.813,2417
RAW,564.6,8401,6987,11.823,2419
RAW,564.9,8430,7002,11.896,2434
RAW,565.2,8458,7017,11.799,2414
RAW,565.4,8465,7021,11.808,2416
RAW,565.7,8466,7013,11.896,2434
RAW,566.0,8469,7019,11.808,2416
RAW,566.3,8463,7007,11.901,2435
RAW,566.5,8466,7012,11.935,2442
RAW,566.8,8474,7015,11.823,2419
RAW,567.1,8476,7015,11.896,2434
RAW,567.3,8490,7023,11.887,2432
RAW,567.6,8501,7030,11.813,2417
RAW,567.9,8508,7035,11.901,2435
RAW,568.1,8511,7036,11.901,2435
RAW,568.4,8518,7037,11.833,2421
RAW,568.6,8517,7038,11.828,2420
RAW,568.9,8522,7037,11.887,2432
RAW,569.2,8526,7044,11.813,2417
RAW,569.4,8535,7045,11.808,2416
RAW,569.7,8537,7047,11.896,2434
RAW,570.0,8537,7040,11.823,2419
RAW,570.2,8538,7048,11.808,2416
RAW,570.5,8546,7052,11.891,2433
RAW,570.7,8537,7047,11.896,2434
RAW,571.0,8540,7048,11.877,2430
RAW,571.3,8547,7050,11.911,2437
RAW,571.6,8548,7052,11.843,2423
RAW,571.8,8551,7051,11.872,2429
RAW,572.1,8555,7050,11.965,2448
RAW,572.3,8527,7039,11.911,2437
RAW,572.6,8435,6995,11.872,2429
RAW,572.9,8320,6946,11.882,2431
RAW,573.1,8289,6926,11.891,2433
RAW,573.4,8299,6939,11.833,2421
RAW,573.6,8323,6950,11.882,2431
RAW,573.9,8359,6971,11.862,2427
RAW,574.2,8383,6978,11.857,2426
RAW,574.5,8399,6982,11.916,2438
RAW,574.7,8418,6992,11.882,2431
RAW,575.0,8444,7005,11.862,2427
RAW,575.3,8469,7011,11.891,2433
RAW,575.6,8472,7015,11.891,2433
RAW,575.8,8472,7016,11.833,2421
RAW,576.1,8470,7011,11.921,2439
RAW,576.3,8462,7009,11.833,2421
RAW,576.6,8466,7010,11.852,2425
RAW,576.9,8470,7015,11.896,2434
RAW,577.2,8486,7016,11.637,2381
RAW,577.4,8486,7015,11.852,2425
RAW,577.7,8499,7023,11.872,2429
RAW,578.0,8509,7027,11.813,2417
RAW,578.2,8512,7033,11.901,2435
RAW,578.5,8519,7028,11.916,2438
RAW,578.8,8521,7027,11.877,2430
RAW,579.1,8528,7035,11.867,2428
RAW,579.3,8520,7034,11.867,2428
RAW,579.6,8527,7032,11.833,2421
RAW,579.9,8531,7035,11.921,2439
RAW,580.2,8528,7033,11.887,2432
RAW,580.4,8529,7034,11.926,2440
RAW,580.7,8532,7035,11.862,2427
RAW,581.0,8535,7034,11.901,2435
RAW,581.3,8536,7037,11.823,2419
RAW,581.5,8537,7032,11.896,2434
RAW,581.8,8516,7023,11.843,2423
RAW,582.1,8437,6978,11.887,2432
RAW,582.4,8327,6934,11.887,2432
RAW,582.6,8293,6928,11.833,2421
RAW,582.9,8302,6931,11.891,2433
RAW,583.2,8340,6948,11.887,2432
RAW,583.4,8365,6959,11.921,2439
RAW,583.7,8389,6975,11.877,2430
RAW,584.0,8399,6977,11.887,2432
RAW,584.2,8410,6979,11.676,2389
RAW,584.5,8438,6994,11.887,2432
RAW,584.8,8460,6999,11.882,2431
RAW,585.0,8467,7005,11.882,2431
RAW,585.3,8469,7004,11.877,2430
RAW,585.6,8466,7002,11.921,2439
RAW,585.8,8464,6999,11.887,2432
RAW,586.1,8459,6995,11.887,2432
RAW,586.4,8464,7005,11.862,2427
RAW,586.7,8477,7003,11.887,2432
RAW,586.9,8489,7014,11.848,2424
RAW,587.2,8495,7013,11.887,2432
RAW,587.5,8499,7017,11.911,2437
RAW,587.7,8510,7016,11.911,2437
RAW,588.0,8509,7018,11.916,2438
RAW,588.3,8516,7025,11.901,2435
RAW,588.5,8522,7018,11.872,2429
RAW,588.8,8522,7025,11.901,2435
RAW,589.0,8523,7025,11.896,2434
RAW,589.3,8529,7026,11.808,2416
RAW,589.5,8525,7030,11.896,2434
RAW,589.8,8526,7027,11.901,2435
RAW,590.1,8527,7028,11.887,2432
RAW,590.4,8529,7024,11.921,2439
RAW,590.6,8529,7027,11.882,2431
RAW,590.9,8532,7031,11.857,2426
RAW,591.1,8531,7024,11.911,2437
RAW,591.4,8533,7028,11.882,2431
RAW,591.7,8517,7017,11.857,2426
RAW,591.9,8460,6987,11.852,2425
RAW,592.2,8352,6940,12.038,2463
RAW,592.5,8307,6931,11.891,2433
RAW,592.7,8308,6923,11.882,2431
RAW,593.0,8344,6942,11.921,2439
RAW,593.3,8378,6955,11.882,2431
RAW,593.5,8389,6958,11.882,2431
RAW,593.8,8407,6966,11.935,2442
RAW,594.1,8420,6975,11.877,2430
RAW,594.3,8434,6981,11.896,2434
RAW,594.6,8462,6991,11.965,2448
RAW,594.9,8469,6997,11.901,2435
RAW,595.2,8473,6994,11.955,2446
RAW,595.4,8471,6997,11.965,2448
RAW,595.7,8468,6989,11.862,2427
RAW,596.0,8468,6997,11.965,2448
RAW,596.2,8474,6996,11.960,2447
RAW,596.5,8480,7003,11.877,2430
RAW,596.8,8491,7003,11.921,2439
RAW,597.1,8495,7002,11.887,2432
RAW,597.3,8505,7013,11.857,2426
RAW,597.6,8504,7015,11.965,2448
RAW,597.9,8525,7014,11.862,2427
RAW,598.2,8524,7017,11.950,2445
RAW,598.4,8522,7016,11.970,2449
RAW,598.7,8523,7019,11.872,2429
RAW,599.0,8529,7015,11.989,2453
RAW,599.3,8527,7016,11.872,2429
RAW,599.5,8528,7017,11.877,2430
RAW,599.8,8533,7021,11.965,2448

------------------------------------------
PHASE 2 (600-1200 tenths of seconds): Processed BPM/SpO2 data
Format: PROC,Time_0.1s,BPM,SpO2,GSR_V,GSR_raw
------------------------------------------
PROC,605.2,61.2,97.0,12.434,2544
PROC,606.2,61.2,97.0,12.107,2477
PROC,607.2,61.2,97.0,12.038,2463
PROC,608.2,61.2,97.0,11.979,2451
PROC,609.2,61.2,97.0,11.994,2454
PROC,610.2,61.2,97.0,11.970,2449
PROC,611.3,61.2,97.0,11.877,2430
PROC,612.3,61.2,97.0,11.955,2446
PROC,613.3,61.2,97.0,11.921,2439
PROC,614.3,61.2,97.0,11.911,2437
PROC,615.3,61.2,97.0,11.921,2439
PROC,616.3,61.2,97.0,11.891,2433
PROC,617.3,61.2,97.0,11.994,2454
PROC,618.3,61.2,97.0,11.955,2446
PROC,619.3,61.2,97.0,11.965,2448
PROC,620.3,61.2,97.0,11.979,2451
PROC,621.3,61.2,97.0,11.950,2445
PROC,622.3,61.2,97.0,11.916,2438
PROC,623.3,61.2,97.0,11.887,2432
PROC,624.3,61.2,97.0,11.921,2439
PROC,625.3,61.2,97.0,11.882,2431
PROC,626.3,61.2,97.0,11.891,2433
PROC,627.3,61.2,97.0,11.911,2437
PROC,628.3,61.2,97.0,11.940,2443
PROC,629.3,61.2,97.0,11.935,2442
PROC,630.3,61.2,97.0,11.896,2434
PROC,631.3,61.2,97.0,11.882,2431
PROC,632.3,61.2,97.0,11.872,2429
PROC,633.3,61.2,97.0,11.921,2439
PROC,634.3,61.2,97.0,11.896,2434
PROC,635.3,61.2,97.0,11.916,2438
PROC,636.3,61.2,97.0,11.887,2432
PROC,637.3,61.2,97.0,11.965,2448
PROC,638.3,61.2,97.0,12.028,2461
PROC,639.3,61.2,97.0,12.048,2465
PROC,640.3,61.2,97.0,11.955,2446
PROC,641.3,61.2,97.0,11.965,2448
PROC,642.4,61.2,97.0,12.053,2466
PROC,643.4,61.2,97.0,12.077,2471
PROC,644.4,61.2,97.0,12.107,2477
PROC,645.4,61.2,97.0,12.111,2478
PROC,646.4,61.2,97.0,12.053,2466
PROC,647.4,61.2,97.0,12.097,2475
PROC,648.4,61.2,97.0,12.087,2473
PROC,649.4,61.2,97.0,12.087,2473
PROC,650.4,61.2,97.0,12.077,2471
PROC,651.4,61.2,97.0,12.121,2480
PROC,652.4,61.2,97.0,12.121,2480
PROC,653.4,61.2,97.0,12.121,2480
PROC,654.4,61.2,97.0,12.155,2487
PROC,655.4,61.2,97.0,12.111,2478
PROC,656.4,61.2,97.0,12.126,2481
PROC,657.4,61.2,97.0,12.199,2496
PROC,658.4,61.2,97.0,12.224,2501
PROC,659.4,61.2,97.0,12.126,2481
PROC,660.4,61.2,97.0,12.077,2471
PROC,661.4,61.2,97.0,12.077,2471
PROC,662.4,61.2,97.0,12.097,2475
PROC,663.5,61.2,97.0,12.121,2480
PROC,664.5,61.2,97.0,12.131,2482
PROC,665.5,61.2,97.0,11.994,2454
PROC,666.5,61.2,97.0,12.053,2466
PROC,667.5,61.2,97.0,12.048,2465
PROC,668.5,61.2,97.0,12.067,2469
PROC,669.5,61.2,97.0,12.023,2460
PROC,670.5,61.2,97.0,11.994,2454
PROC,671.5,61.2,97.0,11.970,2449
PROC,672.5,61.2,97.0,12.043,2464
PROC,673.5,61.2,97.0,12.009,2457
PROC,674.5,61.2,97.0,12.067,2469
PROC,675.5,61.2,97.0,12.111,2478
PROC,676.5,61.2,97.0,12.111,2478
PROC,677.5,61.2,97.0,12.067,2469
PROC,678.5,61.2,97.0,12.087,2473
PROC,679.5,61.2,97.0,12.136,2483
PROC,680.5,61.2,97.0,12.087,2473
PROC,681.5,61.2,97.0,12.067,2469
PROC,682.5,61.2,97.0,12.136,2483
PROC,683.5,61.2,97.0,12.023,2460
PROC,684.5,61.2,97.0,12.048,2465
PROC,685.5,61.2,97.0,12.146,2485
PROC,686.5,61.2,97.0,12.111,2478
PROC,687.5,61.2,97.0,12.058,2467
PROC,688.5,61.2,97.0,12.097,2475
PROC,689.5,61.2,97.0,12.072,2470
PROC,690.5,61.2,97.0,11.999,2455
PROC,691.6,61.2,97.0,12.077,2471
PROC,692.6,61.2,97.0,12.087,2473
PROC,693.6,61.2,97.0,12.121,2480
PROC,694.6,61.2,97.0,12.121,2480
PROC,695.6,61.2,97.0,12.116,2479
PROC,696.6,61.2,97.0,12.121,2480
PROC,697.6,61.2,97.0,12.121,2480
PROC,698.6,61.2,97.0,12.126,2481
PROC,699.6,61.2,97.0,12.136,2483
PROC,700.6,61.2,97.0,12.175,2491
PROC,701.6,61.2,97.0,12.195,2495
PROC,702.6,61.2,97.0,12.204,2497
PROC,703.6,61.2,97.0,12.356,2528
PROC,704.6,61.2,97.0,12.204,2497
PROC,705.6,61.2,97.0,12.292,2515
PROC,706.6,61.2,97.0,12.312,2519
PROC,707.6,61.2,97.0,12.302,2517
PROC,708.6,61.2,97.0,12.351,2527
PROC,709.6,61.2,97.0,12.243,2505
PROC,710.6,61.2,97.0,12.292,2515
PROC,711.6,61.2,97.0,12.278,2512
PROC,712.6,61.2,97.0,12.341,2525
PROC,713.6,61.2,97.0,12.341,2525
PROC,714.6,61.2,97.0,12.307,2518
PROC,715.6,61.2,97.0,12.351,2527
PROC,716.6,61.2,97.0,12.341,2525
PROC,717.6,61.2,97.0,12.263,2509
PROC,718.6,61.2,97.0,12.273,2511
PROC,719.6,61.2,97.0,12.278,2512
PROC,720.6,61.2,97.0,12.204,2497
PROC,721.7,61.2,97.0,12.229,2502
PROC,722.7,61.2,97.0,12.224,2501
PROC,723.7,61.2,97.0,12.155,2487
PROC,724.7,61.2,97.0,12.190,2494
PROC,725.7,61.2,97.0,12.121,2480
PROC,726.7,61.2,97.0,12.224,2501
PROC,727.7,61.2,97.0,12.214,2499
PROC,728.7,61.2,97.0,12.190,2494
PROC,729.7,61.2,97.0,12.195,2495
PROC,730.7,61.2,97.0,12.155,2487
PROC,731.7,61.2,97.0,12.121,2480
PROC,732.7,61.2,97.0,12.214,2499
PROC,733.7,61.2,97.0,12.204,2497
PROC,734.7,61.2,97.0,12.263,2509
PROC,735.7,61.2,97.0,12.278,2512
PROC,736.7,61.2,97.0,12.234,2503
PROC,737.7,61.2,97.0,12.302,2517
PROC,738.7,61.2,97.0,12.180,2492
PROC,739.7,61.2,97.0,12.199,2496
PROC,740.7,61.2,97.0,12.195,2495
PROC,741.7,61.2,97.0,12.155,2487
PROC,742.7,61.2,97.0,12.185,2493
PROC,743.7,61.2,97.0,12.131,2482
PROC,744.7,61.2,97.0,12.146,2485
PROC,745.7,61.2,97.0,12.175,2491
PROC,746.7,61.2,97.0,12.185,2493
PROC,747.8,61.2,97.0,12.195,2495
PROC,748.8,61.2,97.0,12.165,2489
PROC,749.8,61.2,97.0,12.185,2493
PROC,750.8,61.2,97.0,12.292,2515
PROC,751.8,61.2,97.0,12.287,2514
PROC,752.8,61.2,97.0,12.331,2523
PROC,753.8,61.2,97.0,12.248,2506
PROC,754.8,61.2,97.0,12.341,2525
PROC,755.8,61.2,97.0,12.370,2531
PROC,756.8,61.2,97.0,12.273,2511
PROC,757.8,61.2,97.0,12.410,2539
PROC,758.8,61.2,97.0,12.385,2534
PROC,759.8,61.2,97.0,12.429,2543
PROC,760.8,61.2,97.0,12.331,2523
PROC,761.8,61.2,97.0,12.341,2525
PROC,762.8,61.2,97.0,12.507,2559
PROC,763.8,61.2,97.0,12.356,2528
PROC,764.8,61.2,97.0,12.356,2528
PROC,765.8,61.2,97.0,12.366,2530
PROC,766.8,61.2,97.0,12.351,2527
PROC,767.8,61.2,97.0,12.390,2535
PROC,768.8,61.2,97.0,12.366,2530
PROC,769.8,61.2,97.0,12.405,2538
PROC,770.8,61.2,97.0,12.341,2525
PROC,771.8,61.2,97.0,12.405,2538
PROC,772.8,61.2,97.0,12.361,2529
PROC,773.8,61.2,97.0,12.346,2526
PROC,774.8,61.2,97.0,12.341,2525
PROC,775.8,61.2,97.0,12.410,2539
PROC,776.8,61.2,97.0,12.414,2540
PROC,777.8,61.2,97.0,12.458,2549
PROC,778.9,61.2,97.0,12.463,2550
PROC,779.9,61.2,97.0,12.434,2544
PROC,780.9,61.2,97.0,12.483,2554
PROC,781.9,61.2,97.0,12.410,2539
PROC,782.9,61.2,97.0,12.361,2529
PROC,783.9,61.2,97.0,12.331,2523
PROC,784.9,61.2,97.0,12.326,2522
PROC,785.9,61.2,97.0,12.346,2526
PROC,786.9,61.2,97.0,12.380,2533
PROC,787.9,61.2,97.0,12.361,2529
PROC,788.9,61.2,97.0,12.405,2538
PROC,789.9,61.2,97.0,12.414,2540
PROC,790.9,61.2,97.0,12.424,2542
PROC,791.9,61.2,97.0,12.375,2532
PROC,792.9,61.2,97.0,12.307,2518
PROC,793.9,61.2,97.0,12.273,2511
PROC,794.9,61.2,97.0,12.234,2503
PROC,795.9,61.2,97.0,12.243,2505
PROC,796.9,61.2,97.0,12.209,2498
PROC,797.9,61.2,97.0,12.195,2495
PROC,798.9,61.2,97.0,12.278,2512
PROC,799.9,61.2,97.0,12.234,2503
PROC,800.9,61.2,97.0,12.258,2508
PROC,801.9,61.2,97.0,12.263,2509
PROC,802.9,61.2,97.0,12.234,2503
PROC,803.9,61.2,97.0,12.234,2503
PROC,804.9,61.2,97.0,12.263,2509
PROC,805.9,61.2,97.0,12.224,2501
PROC,806.9,61.2,97.0,12.248,2506
PROC,807.9,61.2,97.0,12.278,2512
PROC,808.9,61.2,97.0,12.341,2525
PROC,809.9,61.2,97.0,12.278,2512
PROC,810.9,61.2,97.0,12.326,2522
PROC,811.9,61.2,97.0,12.283,2513
PROC,812.9,61.2,97.0,12.356,2528
PROC,813.9,61.2,97.0,12.331,2523
PROC,814.9,61.2,97.0,12.302,2517
PROC,815.9,61.2,97.0,12.405,2538
PROC,816.9,61.2,97.0,12.312,2519
PROC,817.9,61.2,97.0,12.292,2515
PROC,819.0,61.2,97.0,12.287,2514
PROC,820.0,61.2,97.0,12.278,2512
PROC,821.0,61.2,97.0,12.268,2510
PROC,822.0,61.2,97.0,12.278,2512
PROC,823.0,61.2,97.0,12.278,2512
PROC,824.0,61.2,97.0,12.390,2535
PROC,825.0,61.2,97.0,12.278,2512
PROC,826.0,61.2,97.0,12.278,2512
PROC,827.0,61.2,97.0,12.253,2507
PROC,828.0,61.2,97.0,12.283,2513
PROC,829.0,61.2,97.0,12.307,2518
PROC,830.0,61.2,97.0,12.351,2527
PROC,831.0,61.2,97.0,12.336,2524
PROC,832.0,61.2,97.0,12.268,2510
PROC,833.0,61.2,97.0,12.287,2514
PROC,834.0,61.2,97.0,12.278,2512
PROC,835.0,61.2,97.0,12.263,2509
PROC,836.0,61.2,97.0,12.248,2506
PROC,837.0,61.2,97.0,12.283,2513
PROC,838.0,61.2,97.0,12.273,2511
PROC,839.0,61.2,97.0,12.273,2511
PROC,840.0,61.2,97.0,12.346,2526
PROC,841.0,61.2,97.0,12.283,2513
PROC,842.0,61.2,97.0,12.292,2515
PROC,843.0,61.2,97.0,12.278,2512
PROC,844.0,61.2,97.0,12.400,2537
PROC,845.0,61.2,97.0,12.253,2507
PROC,846.0,61.2,97.0,12.390,2535
PROC,847.0,61.2,97.0,12.405,2538
PROC,848.0,61.2,97.0,12.434,2544
PROC,849.0,61.2,97.0,12.356,2528
PROC,850.0,61.2,97.0,12.346,2526
PROC,851.0,61.2,97.0,12.390,2535
PROC,852.0,61.2,97.0,12.351,2527
PROC,853.0,61.2,97.0,12.414,2540
PROC,854.0,61.2,97.0,12.498,2557
PROC,855.0,61.2,97.0,12.507,2559
PROC,856.0,61.2,97.0,13.035,2667
PROC,857.0,61.2,97.0,12.449,2547
PROC,858.0,61.2,97.0,12.444,2546
PROC,859.1,61.2,97.0,12.434,2544
PROC,860.1,61.2,97.0,12.507,2559
PROC,861.1,61.2,97.0,12.263,2509
PROC,862.1,61.2,97.0,12.478,2553
PROC,863.1,61.2,97.0,12.478,2553
PROC,864.1,61.2,97.0,12.507,2559
PROC,865.1,61.2,97.0,12.434,2544
PROC,866.1,61.2,97.0,12.434,2544
PROC,867.1,61.2,97.0,12.468,2551
PROC,868.1,61.2,97.0,12.507,2559
PROC,869.1,61.2,97.0,12.458,2549
PROC,870.1,61.2,97.0,12.463,2550
PROC,871.1,61.2,97.0,12.507,2559
PROC,872.1,61.2,97.0,12.507,2559
PROC,873.1,61.2,97.0,12.654,2589
PROC,874.1,61.2,97.0,12.424,2542
PROC,875.1,61.2,97.0,12.507,2559
PROC,876.1,61.2,97.0,12.444,2546
PROC,877.1,61.2,97.0,12.434,2544
PROC,878.1,61.2,97.0,12.375,2532
PROC,879.1,61.2,97.0,12.444,2546
PROC,880.1,61.2,97.0,12.390,2535
PROC,881.1,61.2,97.0,12.439,2545
PROC,882.1,61.2,97.0,12.458,2549
PROC,883.1,61.2,97.0,12.434,2544
PROC,884.1,61.2,97.0,12.361,2529
PROC,885.2,61.2,97.0,12.351,2527
PROC,886.2,61.2,97.0,12.283,2513
PROC,887.2,61.2,97.0,12.292,2515
PROC,888.2,61.2,97.0,12.292,2515
PROC,889.2,61.2,97.0,12.341,2525
PROC,890.2,61.2,97.0,12.292,2515
PROC,891.2,61.2,97.0,12.366,2530
PROC,892.2,61.2,97.0,12.361,2529
PROC,893.2,61.2,97.0,12.346,2526
PROC,894.2,61.2,97.0,12.312,2519
PROC,895.2,61.2,97.0,12.380,2533
PROC,896.2,61.2,97.0,12.434,2544
PROC,897.2,61.2,97.0,12.439,2545
PROC,898.2,61.2,97.0,12.439,2545
PROC,899.2,61.2,97.0,12.419,2541
PROC,900.2,61.2,97.0,12.434,2544
PROC,901.2,61.2,97.0,12.375,2532
PROC,902.2,61.2,97.0,12.434,2544
PROC,903.2,61.2,97.0,12.419,2541
PROC,904.2,61.2,97.0,12.507,2559
PROC,905.2,61.2,97.0,12.488,2555
PROC,906.2,61.2,97.0,12.639,2586
PROC,907.2,61.2,97.0,12.678,2594
PROC,908.2,61.2,97.0,12.761,2611
PROC,909.2,61.2,97.0,12.747,2608
PROC,910.2,61.2,97.0,12.830,2625
PROC,911.2,61.2,97.0,12.937,2647
PROC,912.2,61.2,97.0,12.972,2654
PROC,913.2,61.2,97.0,12.981,2656
PROC,914.2,61.2,97.0,12.933,2646
PROC,915.2,61.2,97.0,12.977,2655
PROC,916.2,61.2,97.0,12.937,2647
PROC,917.2,61.2,97.0,12.835,2626
PROC,918.2,61.2,97.0,12.918,2643
PROC,919.3,61.2,97.0,12.918,2643
PROC,920.3,61.2,97.0,12.893,2638
PROC,921.3,61.2,97.0,12.977,2655
PROC,922.3,61.2,97.0,12.996,2659
PROC,923.3,61.2,97.0,12.981,2656
PROC,924.3,61.2,97.0,12.986,2657
PROC,925.3,61.2,97.0,12.957,2651
PROC,926.3,61.2,97.0,12.923,2644
PROC,927.3,61.2,97.0,12.933,2646
PROC,928.3,61.2,97.0,12.928,2645
PROC,929.3,61.2,97.0,12.908,2641
PROC,930.3,61.2,97.0,12.845,2628
PROC,931.3,61.2,97.0,12.957,2651
PROC,932.3,61.2,97.0,12.952,2650
PROC,933.3,61.2,97.0,13.016,2663
PROC,934.3,61.2,97.0,13.011,2662
PROC,935.3,61.2,97.0,13.138,2688
PROC,936.3,61.2,97.0,13.250,2711
PROC,937.3,61.2,97.0,13.157,2692
PROC,938.3,61.2,97.0,13.221,2705
PROC,939.3,61.2,97.0,13.338,2729
PROC,940.3,61.2,97.0,13.480,2758
PROC,941.3,61.2,97.0,13.504,2763
PROC,942.3,61.2,97.0,13.451,2752
PROC,943.3,61.2,97.0,13.416,2745
PROC,944.3,61.2,97.0,13.524,2767
PROC,945.3,61.2,97.0,13.456,2753
PROC,946.3,61.2,97.0,13.456,2753
PROC,947.3,61.2,97.0,13.363,2734
PROC,948.3,61.2,97.0,13.436,2749
PROC,949.4,61.2,97.0,13.421,2746
PROC,950.4,61.2,97.0,13.460,2754
PROC,951.4,61.2,97.0,13.289,2719
PROC,952.4,61.2,97.0,13.187,2698
PROC,953.4,61.2,97.0,13.245,2710
PROC,954.4,61.2,97.0,13.294,2720
PROC,955.4,61.2,97.0,13.280,2717
PROC,956.4,61.2,97.0,13.372,2736
PROC,957.4,61.2,97.0,13.348,2731
PROC,958.4,61.2,97.0,13.299,2721
PROC,959.4,61.2,97.0,13.304,2722
PROC,960.4,61.2,97.0,13.299,2721
PROC,961.4,61.2,97.0,13.245,2710
PROC,962.4,61.2,97.0,13.216,2704
PROC,963.4,61.2,97.0,13.206,2702
PROC,964.4,61.2,97.0,13.192,2699
PROC,965.4,61.2,97.0,13.157,2692
PROC,966.4,61.2,97.0,13.192,2699
PROC,967.4,61.2,97.0,13.152,2691
PROC,968.4,61.2,97.0,13.250,2711
PROC,969.4,61.2,97.0,13.211,2703
PROC,970.4,61.2,97.0,13.152,2691
PROC,971.4,61.2,97.0,13.143,2689
PROC,972.4,61.2,97.0,13.152,2691
PROC,973.4,61.2,97.0,13.236,2708
PROC,974.4,61.2,97.0,13.226,2706
PROC,975.5,61.2,97.0,13.289,2719
PROC,976.5,61.2,97.0,13.148,2690
PROC,977.5,61.2,97.0,13.192,2699
PROC,978.5,61.2,97.0,13.148,2690
PROC,979.5,61.2,97.0,13.172,2695
PROC,980.5,61.2,97.0,13.192,2699
PROC,981.5,61.2,97.0,13.270,2715
PROC,982.5,61.2,97.0,13.221,2705
PROC,983.5,61.2,97.0,13.206,2702
PROC,984.5,61.2,97.0,13.284,2718
PROC,985.5,61.2,97.0,13.172,2695
PROC,986.5,61.2,97.0,13.060,2672
PROC,987.5,61.2,97.0,12.986,2657
PROC,988.5,61.2,97.0,12.952,2650
PROC,989.5,61.2,97.0,12.952,2650
PROC,990.5,61.2,97.0,12.908,2641
PROC,991.5,61.2,97.0,12.986,2657
PROC,992.5,61.2,97.0,12.903,2640
PROC,993.5,61.2,97.0,12.781,2615
PROC,994.5,61.2,97.0,12.825,2624
PROC,995.5,61.2,97.0,12.801,2619
PROC,996.5,61.2,97.0,12.820,2623
PROC,997.5,61.2,97.0,12.825,2624
PROC,998.5,61.2,97.0,12.854,2630
PROC,999.5,61.2,97.0,12.820,2623
PROC,1000.5,61.2,97.0,12.815,2622
PROC,1001.5,61.2,97.0,12.805,2620
PROC,1002.5,61.2,97.0,12.825,2624
PROC,1003.5,61.2,97.0,12.620,2582
PROC,1004.5,61.2,97.0,12.674,2593
PROC,1005.5,61.2,97.0,12.644,2587
PROC,1006.5,61.2,97.0,12.674,2593
PROC,1007.5,61.2,97.0,12.664,2591
PROC,1008.5,61.2,97.0,12.703,2599
PROC,1009.6,61.2,97.0,12.688,2596
PROC,1010.6,61.2,97.0,12.639,2586
PROC,1011.6,61.2,97.0,12.507,2559
PROC,1012.6,61.2,97.0,12.502,2558
PROC,1013.6,61.2,97.0,12.507,2559
PROC,1014.6,61.2,97.0,12.498,2557
PROC,1015.6,61.2,97.0,12.507,2559
PROC,1016.6,61.2,97.0,12.502,2558
PROC,1017.6,61.2,97.0,12.468,2551
PROC,1018.6,61.2,97.0,12.502,2558
PROC,1019.6,61.2,97.0,12.463,2550
PROC,1020.6,61.2,97.0,12.463,2550
PROC,1021.6,61.2,97.0,12.463,2550
PROC,1022.6,61.2,97.0,12.434,2544
PROC,1023.6,61.2,97.0,12.414,2540
PROC,1024.6,61.2,97.0,12.605,2579
PROC,1025.6,61.2,97.0,12.507,2559
PROC,1026.6,61.2,97.0,12.507,2559
PROC,1027.6,61.2,97.0,12.507,2559
PROC,1028.6,61.2,97.0,12.458,2549
PROC,1029.6,61.2,97.0,12.434,2544
PROC,1030.6,61.2,97.0,12.429,2543
PROC,1031.6,61.2,97.0,12.507,2559
PROC,1032.6,61.2,97.0,12.400,2537
PROC,1033.6,61.2,97.0,12.449,2547
PROC,1034.6,61.2,97.0,12.502,2558
PROC,1035.7,61.2,97.0,12.468,2551
PROC,1036.7,61.2,97.0,12.463,2550
PROC,1037.7,61.2,97.0,12.434,2544
PROC,1038.7,61.2,97.0,12.400,2537
PROC,1039.7,61.2,97.0,12.444,2546
PROC,1040.7,61.2,97.0,12.449,2547
PROC,1041.7,61.2,97.0,12.439,2545
PROC,1042.7,61.2,97.0,12.449,2547
PROC,1043.7,61.2,97.0,12.507,2559
PROC,1044.7,61.2,97.0,12.488,2555
PROC,1045.7,61.2,97.0,12.454,2548
PROC,1046.7,61.2,97.0,12.483,2554
PROC,1047.7,61.2,97.0,12.449,2547
PROC,1048.7,61.2,97.0,12.507,2559
PROC,1049.7,61.2,97.0,12.502,2558
PROC,1050.7,61.2,97.0,12.605,2579
PROC,1051.7,61.2,97.0,12.507,2559
PROC,1052.7,61.2,97.0,12.463,2550
PROC,1053.7,61.2,97.0,12.507,2559
PROC,1054.7,61.2,97.0,12.498,2557
PROC,1055.7,61.2,97.0,12.488,2555
PROC,1056.7,61.2,97.0,12.498,2557
PROC,1057.7,61.2,97.0,12.468,2551
PROC,1058.7,61.2,97.0,12.610,2580
PROC,1059.7,61.2,97.0,12.507,2559
PROC,1060.7,61.2,97.0,12.498,2557
PROC,1061.7,61.2,97.0,12.292,2515
PROC,1062.7,61.2,97.0,12.419,2541
PROC,1063.7,61.2,97.0,12.405,2538
PROC,1064.7,61.2,97.0,12.385,2534
PROC,1065.7,61.2,97.0,12.400,2537
PROC,1066.7,61.2,97.0,12.351,2527
PROC,1067.8,61.2,97.0,12.292,2515
PROC,1068.8,61.2,97.0,12.341,2525
PROC,1069.8,61.2,97.0,12.302,2517
PROC,1070.8,61.2,97.0,12.312,2519
PROC,1071.8,61.2,97.0,12.302,2517
PROC,1072.8,61.2,97.0,12.366,2530
PROC,1073.8,61.2,97.0,12.380,2533
PROC,1074.8,61.2,97.0,12.434,2544
PROC,1075.8,61.2,97.0,12.410,2539
PROC,1076.8,61.2,97.0,12.278,2512
PROC,1077.8,61.2,97.0,12.380,2533
PROC,1078.8,61.2,97.0,12.292,2515
PROC,1079.8,61.2,97.0,12.322,2521
PROC,1080.8,61.2,97.0,12.322,2521
PROC,1081.8,61.2,97.0,12.361,2529
PROC,1082.8,61.2,97.0,12.410,2539
PROC,1083.8,61.2,97.0,12.375,2532
PROC,1084.8,61.2,97.0,12.390,2535
PROC,1085.8,61.2,97.0,12.380,2533
PROC,1086.8,61.2,97.0,12.410,2539
PROC,1087.8,61.2,97.0,12.366,2530
PROC,1088.8,61.2,97.0,12.385,2534
PROC,1089.8,61.2,97.0,12.429,2543
PROC,1090.8,61.2,97.0,12.390,2535
PROC,1091.8,61.2,97.0,12.385,2534
PROC,1092.8,61.2,97.0,12.488,2555
PROC,1093.8,61.2,97.0,12.458,2549
PROC,1094.8,61.2,97.0,12.507,2559
PROC,1095.9,61.2,97.0,12.507,2559
PROC,1096.9,61.2,97.0,12.664,2591
PROC,1097.9,61.2,97.0,12.801,2619
PROC,1098.9,61.2,97.0,12.825,2624
PROC,1099.9,61.2,97.0,12.732,2605
PROC,1100.9,61.2,97.0,12.664,2591
PROC,1101.9,61.2,97.0,12.659,2590
PROC,1102.9,61.2,97.0,12.703,2599
PROC,1103.9,61.2,97.0,12.683,2595
PROC,1104.9,61.2,97.0,12.752,2609
PROC,1105.9,61.2,97.0,12.747,2608
PROC,1106.9,61.2,97.0,12.737,2606
PROC,1107.9,61.2,97.0,12.727,2604
PROC,1108.9,61.2,97.0,12.678,2594
PROC,1109.9,61.2,97.0,12.654,2589
PROC,1110.9,61.2,97.0,12.620,2582
PROC,1111.9,61.2,97.0,12.507,2559
PROC,1112.9,61.2,97.0,12.620,2582
PROC,1113.9,61.2,97.0,12.507,2559
PROC,1114.9,61.2,97.0,12.507,2559
PROC,1115.9,61.2,97.0,12.507,2559
PROC,1116.9,61.2,97.0,12.507,2559
PROC,1118.0,61.2,97.0,12.507,2559
PROC,1119.0,61.2,97.0,12.507,2559
PROC,1120.0,61.2,97.0,12.488,2555
PROC,1121.0,61.2,97.0,12.458,2549
PROC,1122.0,61.2,97.0,12.429,2543
PROC,1123.0,61.2,97.0,12.498,2557
PROC,1124.0,61.2,97.0,12.507,2559
PROC,1125.0,61.2,97.0,12.507,2559
PROC,1126.0,61.2,97.0,12.444,2546
PROC,1127.0,61.2,97.0,12.458,2549
PROC,1128.0,61.2,97.0,12.434,2544
PROC,1129.0,61.2,97.0,12.449,2547
PROC,1130.0,61.2,97.0,12.434,2544
PROC,1131.0,61.2,97.0,12.434,2544
PROC,1132.0,61.2,97.0,12.434,2544
PROC,1133.0,61.2,97.0,12.463,2550
PROC,1134.0,61.2,97.0,12.488,2555
PROC,1135.0,61.2,97.0,12.507,2559
PROC,1136.1,61.2,97.0,12.615,2581
PROC,1137.1,61.2,97.0,12.639,2586
PROC,1138.1,61.2,97.0,12.507,2559
PROC,1139.1,61.2,97.0,12.507,2559
PROC,1140.1,61.2,97.0,12.507,2559
PROC,1141.1,61.2,97.0,12.507,2559
PROC,1142.1,61.2,97.0,12.644,2587
PROC,1143.1,61.2,97.0,12.722,2603
PROC,1144.1,61.2,97.0,12.698,2598
PROC,1145.1,61.2,97.0,12.507,2559
PROC,1146.1,61.2,97.0,12.507,2559
PROC,1147.1,61.2,97.0,12.605,2579
PROC,1148.1,61.2,97.0,12.615,2581
PROC,1149.1,61.2,97.0,12.507,2559
PROC,1150.1,61.2,97.0,12.507,2559
PROC,1151.1,61.2,97.0,12.507,2559
PROC,1152.1,61.2,97.0,12.507,2559
PROC,1153.1,61.2,97.0,12.507,2559
PROC,1154.1,61.2,97.0,12.507,2559
PROC,1155.1,61.2,97.0,12.664,2591
PROC,1156.1,61.2,97.0,12.639,2586
PROC,1157.1,61.2,97.0,12.468,2551
PROC,1158.2,61.2,97.0,12.498,2557
PROC,1159.2,61.2,97.0,12.463,2550
PROC,1160.2,61.2,97.0,12.507,2559
PROC,1161.2,61.2,97.0,12.507,2559
PROC,1162.2,61.2,97.0,12.507,2559
PROC,1163.2,61.2,97.0,12.434,2544
PROC,1164.2,61.2,97.0,12.414,2540
PROC,1165.2,61.2,97.0,12.439,2545
PROC,1166.2,61.2,97.0,12.424,2542
PROC,1167.2,61.2,97.0,12.434,2544
PROC,1168.2,61.2,97.0,12.439,2545
PROC,1169.2,61.2,97.0,12.439,2545
PROC,1170.2,61.2,97.0,12.449,2547
PROC,1171.2,61.2,97.0,12.434,2544
PROC,1172.2,61.2,97.0,12.434,2544
PROC,1173.2,61.2,97.0,12.502,2558
PROC,1174.2,61.2,97.0,12.498,2557
PROC,1175.2,61.2,97.0,12.439,2545
PROC,1176.2,61.2,97.0,12.434,2544
PROC,1177.2,61.2,97.0,12.429,2543
PROC,1178.2,61.2,97.0,12.468,2551
PROC,1179.2,61.2,97.0,12.434,2544
PROC,1180.2,61.2,97.0,12.458,2549
PROC,1181.2,61.2,97.0,12.761,2611
PROC,1182.2,61.2,97.0,12.507,2559
PROC,1183.3,61.2,97.0,12.825,2624
PROC,1184.3,61.2,97.0,12.507,2559
PROC,1185.3,61.2,97.0,12.507,2559
PROC,1186.3,61.2,97.0,12.507,2559
PROC,1187.3,61.2,97.0,12.507,2559
PROC,1188.3,61.2,97.0,12.507,2559
PROC,1189.3,61.2,97.0,12.737,2606
PROC,1190.3,61.2,97.0,12.507,2559
PROC,1191.3,61.2,97.0,12.507,2559
PROC,1192.3,61.2,97.0,12.634,2585
PROC,1193.3,61.2,97.0,12.644,2587
PROC,1194.3,61.2,97.0,12.639,2586
PROC,1195.3,61.2,97.0,12.507,2559
PROC,1196.3,61.2,97.0,12.468,2551
PROC,1197.3,61.2,97.0,12.478,2553
PROC,1198.3,61.2,97.0,12.507,2559
PROC,1199.3,61.2,97.0,12.488,2555

==========================================
=== 2-MINUTE DATA COLLECTION COMPLETE ===

Data Summary:
- Minute 1 (0-600 tenths sec): RAW IR/Red values
- Minute 2 (600-1200 tenths sec): Processed BPM/SpO2
- Full 2 minutes: GSR data (0.1s resolution)

Format markers:
  RAW,Time_0.1s,IR,Red,GSR_V,GSR_raw
  PROC,Time_0.1s,BPM,SpO2,GSR_V,GSR_raw

Copy all data above and save to CSV file
Press 's' to run again
